130 m
252 8
252 0 1
251 2 -1
251 1 1489
251 0 -160512
250 1 42790637
250 0 8591390868
249 2 202
249 1 37919808701
249 0 -153523807205108
248 2 202
248 1 6907043984796
248 0 9599987895124218
247 2 -19089
247 1 517979377716600
247 0 154008124818755328
246 3 2
246 2 -41230
246 1 20766080842920846
246 0 -9302553812507179530
245 3 25
245 2 -84528826
245 1 496577971792422359
245 0 -264182014933396708008
244 3 -284
244 2 -76906228397
244 1 7165539342316183104
244 0 128847105491217659187
243 3 -4824
243 2 -14767259250005
243 1 51927298387099056752
243 0 132043961943989684135788
242 3 11688
242 2 -1213212367539681
242 1 -126140193239757134572
242 0 3498631283300366878579452
241 4 -1
241 3 415481
241 2 -55334499785259428
241 1 -6986700088138972661203
241 0 55128674446065857023261092
240 3 43152251
240 2 -1578923626493090460
240 1 -65755606168106592386771
240 0 625666713111523771434546819
239 4 182
239 3 37899104885
239 2 -29583110196375546606
239 1 -114229110940198206794722
239 0 5408195944392207441079526280
238 4 182
238 3 6907839149148
238 2 -357209594324739837201
238 1 3155684904258185141428684
238 0 35557547385659622834629180490
237 4 -15379
237 3 518739296189569
237 2 -2283994423522541925649
237 1 25222809988584740690096143
237 0 164979597123097908395441226392
236 4 -29484
236 3 20904997451522287
236 2 4760496635370431856980
236 1 -121368676822724463206762032
236 0 363123686884107050676993360711
235 4 791063
235 3 507088187513142000
235 2 264746437014335950970155
235 1 -4179123876249231082609901140
235 0 -1706570914054836975028674076524
234 4 2210754
234 3 7593166311097294756
234 2 2614550487663173199618889
234 1 -46938854568259160718763141764
234 0 -20182782082003136029848594096996
233 4 -27437323
233 3 62455247034734160126
233 2 8987750480896445092126021
233 1 -359755256216686830427794187933
233 0 -58674834496433071555550303260404
232 4 -102012844
232 3 34032241092119699498
232 2 -66742766807068575885555264
232 1 -2241210195381915831290415696808
232 0 538546214749751270989298552577171
231 4 672773942
231 3 -5675810589720907743359
231 2 -987881780313813046153536662
231 1 -12384461291756373814843792944954
231 0 8306138131267892857862616264997640
230 4 3259170462
230 3 -66257005660316258408675
230 2 -4250657205426723991013711100
230 1 -59632359374773091692753839675044
230 0 59878768008800015990054438308951614
229 4 -11816541921
229 3 -260483518487336257558929
229 2 13293491889869423660184317154
229 1 -198758144071626559608946740988429
229 0 268922765881678487473029792966552624
228 5 2
228 4 -77090578352
228 3 1684086685558561426304752
228 2 275969259385496017522719578075
228 1 142771525168032511561251002248545
228 0 578232302753366164224754777443259506
227 5 169
227 4 142678577290
227 3 27556563967970962575269622
227 2 1511694303636723986206421709854
227 1 8641962265784844780339539828281551
227 0 -1809521569200239374810895831289333924
226 5 2392
226 4 1327380412387
226 3 128236257464116579514867452
226 2 1804819725654355706946222644083
226 1 77639786401282962775004305452742619
226 0 -21465681295050350756827576857102155820
225 5 -3354
225 4 -21248777224403
225 3 -252013568555062045437612528
225 2 -27268251256534753877820507863466
225 1 444473766879932494169608079007462554
225 0 -69657804642566322183001459611509823536
224 5 -274794
224 4 -2331139864936298
224 3 -6395126323831804126196449620
224 2 -188110878974107788084372312428701
224 1 1787095048058034715818895506972505986
224 0 227050610853368942597734331208880252389
223 5 -1287091
223 4 -149583762053218278
223 3 -30445164076207165651289392109
223 2 -427547185343275062054977402090144
223 1 4615508668823722945797772992719922672
223 0 4104492432407546050098725370304361577216
222 5 9977032
222 4 -6177010675592169003
222 3 18563267161466951966265084014
222 2 935561321887167936908922209838758
222 1 2832600174873858383659342723895293980
222 0 26840560698018280702468345634181988272960
221 5 100718241
221 4 -174530671104808829452
221 3 929096974453792665347092732833
221 2 6965369814724088427191583082137692
221 1 -39836906716836970807650498598010597380
221 0 109738447379577289561139401850613742993632
220 5 -15454164
220 4 -3515357041980857797264
220 3 4260078936707660565582782832815
220 2 -9213571507406341884674505858310710
220 1 -236889029193410716551904289834594922808
220 0 261029485336505976271559508077327427218706
219 5 -3264963755
219 4 -51282278769092843904521
219 3 -482578237700615982905947542788
219 2 -216474547962802071306792120663714250
219 1 -902563553549743651220457463675366362606
219 0 -5273569550605732163833035913996881405248
218 5 -9264366980
218 4 -531963971377917696847020
218 3 -89859451181240477268321439714941
218 2 -795734563744390685106853343917043697
218 1 -3829674484652886204065547827176099662568
218 0 -2704054844137567865996835442823917182630792
217 5 51053866993
217 4 -3531358135587249817453417
217 3 -376548569371584156386032080005790
217 2 307794108771882435581535715498810080
217 1 -22191956263274722236930504932474039166250
217 0 -7097169808980111443571285051280806441265704
216 5 314806459462
216 4 -6883489530972470478629745
216 3 29053158316671639006007389631373
216 2 13539898042324564064424808232340949565
216 1 -127160868189078969620098982521549330568868
216 0 41392581494876959688366294103916691247067124
215 6 -1
215 5 -194857829639
215 4 150486140573599671200829343
215 3 6118510431282731097781085744590971
215 2 52195117202852783678530440617133227532
215 1 -583538815337045454145688905571155743649544
215 0 518404738049250017374191862864732595816878176
214 5 -5419948564135
214 4 2051886850416180325560338998
214 3 21571522795039044070052482265791404
214 2 74255181514076824490674742124525579694
214 1 -2059857262105245209893410890733773898396040
214 0 3089040820251876511098953712601796293673524908
213 6 130
213 5 -7726404974764
213 4 13080904284264130548476503509
213 3 -11753323860318585479291822096158443
213 2 76714167466567776934894123686336086514
213 1 -5762912950150979693770790240095891935403094
213 0 13451821649809456035034958057172214981980243952
212 6 130
212 5 63485351017946
212 4 30396526661595155231844558345
212 3 -322603824193155124193080531385915571
212 2 1857713408322980408354798033613159729271
212 1 -14985960678041385904071610188117074257256006
212 0 48384974982220652385234371889597629414818787082
211 6 -7605
211 5 711553358400534
211 4 -252988338881663517978883968710
211 3 -871251749389253061351442824954649973
211 2 15683527220601855134349033736121707120042
211 1 -50071893845088276092564089106988584721767296
211 0 156449362574847833871705797182408068327422714520
210 6 -14300
210 5 20956375102595803
210 4 -3106498284445997189392266022516
210 3 1030952667722680285675910735445572779
210 2 68909970548517113015173243695390368885095
210 1 -214123242988041987548499155523172659181040970
210 0 488673050287151151335359331935877018777000545608
209 6 260845
209 5 532021547863492167
209 4 -15544409801595606270949802489258
209 3 11127433414743904274803217278097968581
209 2 195057283027705549947398191354697997133688
209 1 -851967338083163347987667875790509535853590838
209 0 1501635581267215397665356858550743585336123149208
208 6 703690
208 5 8718046502430732207
208 4 -23074676293752874551346777407463
208 3 8442144106528485544549024078324350163
208 2 460232448666994466109005427933678967027440
208 1 -2762449410543873265716960896662114899977926426
208 0 4211191457004838770439753825552773139513854950382
207 6 -5800080
207 5 90835495679328496122
207 4 239443634958891784282291743377681
207 3 -155689694517748170256126501144684263381
207 2 1681083265751798452804493511131434333964462
207 1 -7611251312377670978885852342691489200062774924
207 0 8947026395852988965207775779798757276257918525008
206 6 -20688980
206 5 492890990649283716100
206 4 2053783102055737294186144279805138
206 3 -801175303909813047321666672724483584237
206 2 8972829321738551807744847238608727381855160
206 1 -20722667221471782040908175201293668547762086776
206 0 5865229469407189400882906153039324349317736253788
205 6 87777001
205 5 -1072296219203637611456
205 4 7472819294591645881051782162700108
205 3 -1959722617401308938036776380888954386053
205 2 41280133656858933228972156134443534590248244
205 1 -62238033025159948205277786991051262711301680830
205 0 -58653573731714962200468533854646192250499485605424
204 6 413488140
204 5 -45421056608805373544776
204 4 4746637470000413711614050325615954
204 3 -3631635833939044784328981269767517408487
204 2 150255450798910828779152556593136215283219697
204 1 -186476378683450342094993658748002495484890052324
204 0 -353866231099850449941377210419348989715841097092340
203 6 -906344075
203 5 -391631785360033179330655
203 4 -98211332583076765089270324977256550
203 3 -17548495405623733307324614212033308131785
203 2 478774310394254067303282569859445602876158624
203 1 -495783472141013939318826220169055146981594719166
203 0 -1245485001186546069617172889251815078087024709469320
202 6 -6079697260
202 5 -1290616951911991626791924
202 4 -571141136726189786985780240064322518
202 3 -118831544428597846316078696488212038772808
202 2 1543834629621279378445993360082499266617140592
202 1 -1332714634321497193415170158084336755050584591638
202 0 -3337222138301425785305848396646359397905741677125808
201 6 5520494460
201 5 6114740553856542944602474
201 4 -1447328084548235630858734063463918437
201 3 -563390482500369919213445707953161365405924
201 2 5324890160414747584473593375366844508736253972
201 1 -4965771752953527988071617195045477266499214757876
201 0 -7868908658948256608139919637410461009895338536835904
200 6 68649864426
200 5 94564884705983509643981194
200 4 88657809598796553235439139682009189
200 3 -1983250527739946158386479802509502103986508
200 2 18397865705204549631919130498952432021922036891
200 1 -22470551036122922325568529087774518537155639323012
200 0 -19024215059430910978453863698026714259960834107952874
199 6 3862609140
199 5 464017997436093026344852187
199 4 14350583056359933820367557366110656422
199 3 -6089409527873140528131339511849351266750861
199 2 60729583338203392465795869281459240931790957222
199 1 -89802007116557683114133430118025997432734971508268
199 0 -46519574178378646639735492630563504393843795312905616
198 6 -599913842060
198 5 295306882030916067106730078
198 4 48991226947615305301293780801550622828
198 3 -19575278942164413940415846597255833993800004
198 2 196845407541517691385147129446610027372964660152
198 1 -292132756554938766120365518604989004792230343669436
198 0 -77072703101260990107006838793375665049955148636419984
197 6 -542473419475
197 5 -10146569635687590980764425367
197 4 42546678483817040382398961152066133278
197 3 -69353290307305492612455256612743556112835716
197 2 648995083005276488703176758067564345331140652312
197 1 -821754572745726304603621318722249508801285581058792
197 0 105038034726087806679364410878859314236041287621702928
196 6 3978295817340
196 5 -65195709404903404651184494751
196 4 -181681528837435012228090816206345733452
196 3 -243650289379986965016783845269453220815125338
196 2 2120657541633040374363274922319265741128149322131
196 1 -2280098584018684561876307930151439223824867486663690
196 0 1436648209367565065322592241130033621706196981953971606
195 6 7242530309261
195 5 -145609723027373513096107804183
195 4 -230732057156824941640886038187896470327
195 3 -782541782060753492412522483863831298203897851
195 2 6496380121564676839545105568131849539595256649730
195 1 -6796835622397008967913751400336983257930879530247110
195 0 6202319283079980238960593950224492894007344225311162080
194 6 -18634711381585
194 5 444598288533389746872247772276
194 4 3725931791216403686957096993815771769359
194 3 -2314873223142325261728574112049514343151238615
194 2 18323661679336532668241915879596062545570529896261
194 1 -20096580400623748111042459630463606604444709579065356
194 0 16927121111066620024479169437845639149963828017596693568
193 6 -60142943572049
193 5 4462639675585281586120280714802
193 4 21578057419954912342714213614879721861195
193 3 -6703631085705691340202716881101310366792664599
193 2 49445827695681678751279196974173357961374442320548
193 1 -50368413009733672517454365569092197845593349946469914
193 0 30287710233699645905631304641327451220710105402256863512
192 6 43257793181967
192 5 13385142649683030067250772663767
192 4 50593389448881008755889654547842260147937
192 3 -19968175928097157939561499966306869026474243001
192 2 134600836333113397661500291110667081852527984287475
192 1 -88032631049501970508914978883084265863974006523168336
192 0 28973034273852630930694017023039570943872590387922542140
191 6 348164072040551
191 5 -1779218598403778169180219929869
191 4 -9562175564755540635853116867563175601984
191 3 -60315641486752074079451645016522421982600713915
191 2 366196286436800651580824914163094861927620074537836
191 1 -31891056190885617937034215308463418315377783457204432
191 0 -8156790130108796522673551294150551262272800893448966576
190 6 155069382129142
190 5 -155759495184452984933799161360481
190 4 -486928187242813355537204941404147864899334
190 3 -175201461703461051787236033573480457284258611394
190 2 919915751203441061446571629513373163407426724610136
190 1 492016546852539509336413504874542425660188704675377764
190 0 -82913221600018267186818725233917531674379875523357186708
189 6 -1363608848901422
189 5 -494683640141903805555514572439246
189 4 -1791887884047113163620175084381695018183151
189 3 -470621737679111608396506445593542463927905811180
189 2 1965983374305765045077196245819173259986362704692138
189 1 2485094421714141909937433136565477309494021736526611922
189 0 -386050828281426556653034191038335545414068607239794594256
188 6 -2104915234312865
188 5 3457918537681186163276018059883
188 4 -3555021556195299138876616666742293375918971
188 3 -1160053410702683933906833168390733934615768277006
188 2 3463930029076720095898562138525201482376996845025840
188 1 8164473382433538381447869067255463313250668627314822644
188 0 -2465503428045031614979595696817838443774719473004606992779
187 6 3052647565099717
187 5 4399492441955362317163465050480392
187 4 -4824900199559398058938339472475337428170323
187 3 -2680749339122191015007818043138630140561215490844
187 2 5606701726813892939956577683524262648992740870329853
187 1 21889527511548790070228099375478442865752968097639077903
187 0 -11671169001260686466802176503562150194880969115646779573480
186 6 12519449117312956
186 5 9599453148495104054588548177427300
186 4 -14218232808424777831969052760743661471873769
186 3 -6104692654849696156522455613738945248933539639949
186 2 11765219845025833266161886993479886190166116995004045
186 1 52261703538329589976398344927872083845338762479781167069
186 0 -36676759836121489874613499773340209425479662093663925409868
185 6 13417010265371115
185 5 -27154119477973036742801497317372555
185 4 -82430819969213138031625731082540216403380082
185 3 -14688636010815723678737264864970312756275650010824
185 2 33883880012610011417670390205853833859097813535542764
185 1 118685273539660507921696177869381419340505125883099020529
185 0 -71822448434306797045521260908340571346950104808014830172244
184 6 21965681018482409
184 5 -203959211381308601243866036748866240
184 4 -330177675506448692573341520396321789083474049
184 3 -39027326592883594138520957680303364466548292040182
184 2 91809314665100212737255514630672288109667980839734628
184 1 264460158754845455762196614096074662261022093673208499332
184 0 -45557437904627033334536117873952944962318287263526510258528
183 6 185839493530612701
183 5 -412763611877024346333162892567534329
183 4 -812443955225950116466347362509749620581835260
183 3 -110847877719074282206111867206023771993169353161948
183 2 195287734224559066626298657344682678401938207137990605
183 1 544517056727126237746765472002829451462628211257314907912
183 0 242331807748146224080803438166132758538047776125760704045648
182 7 -65
182 6 933419153602044252
182 5 517593373434020422768313259116769777
182 4 -925329071834479935715220173111465028518338556
182 3 -309972268705859631274272520894880456129184978448904
182 2 340899733936457268937605358206599111129629052383510292
182 1 849989990509738096847058073782834560284561408931123867438
182 0 1081866857090042820946893683841526361766475690858958030256726
181 7 -11505
181 6 3257136464881097900
181 5 5091881216721783004177186619436701209
181 4 1638404627556314575791597344196003050343360120
181 3 -793845741813036055698679542361440189440247849349767
181 2 653539951757417214608130937097950302712462185058044598
181 1 364740581184582254141397178472990131827392727398562287967
181 0 2583364809781337384025906542655596748044561916826124488629384
180 7 -633113
180 6 9407159560043745846
180 5 11904409192103951089480123954421718772
180 4 11278434166020060664361464047695084653934895578
180 3 -1781526116695450164454130097410368844840638596385040
180 2 1774158602636260196914788276184407290615054032755290120
180 1 -3050954235356048919323267102772506917730460955472696059272
180 0 4337832354333753744069312297627465787160136773211130320275601
179 7 -17437940
179 6 24105385876354436040
179 5 2829213765498492735861507739330943567
179 4 33065626074330570693422750595984875970621258856
179 3 -3423041439803297559871257237628320453969990364338525
179 2 5131496969679146765498444572752089088648280663415148347
179 1 -11673004908489946779845474062715230215870022216426683421822
179 0 5590945561267962432258569503099651558391123723233157941525548
178 7 -294401250
178 6 55675398737200787696
178 5 -45536751618492836112227021423556022406
178 4 76353922825914165764449671289882612602773766814
178 3 -5592111364168037013211984329838317104656884271905273
178 2 12139655724913132248489414639787940886590284430556929045
178 1 -22392170630558438843089492635168379080423686509789248440498
178 0 5767965643923617655023175459045745176642533836064243394448332
177 7 -3398265195
177 6 127016260866408444276
177 5 -38819503390490085371982068198598013328
177 4 194725458151885852042655644145488997526822635699
177 3 -7905281963208070284235676546196495126121020424058044
177 2 22315399233754434445696712704254721046986286845552498246
177 1 -22008517768098028302274276907346093799238300039883233722165
177 0 1713326964995383679788197783970795491100200944442411781810748
176 7 -28674667715
176 6 969104990095278637934
176 5 431703817363660492923087901139448281863
176 4 622250756374219250125879599027160534882632180174
176 3 -10327034158933923259686232025258686309636179028647141
176 2 33962119226422284284072416738144263120096775569496798323
176 1 -10313533285770495038883957857779120024029990726573758999851
176 0 -25764024152117579182931968624852037750107950586087984950663177
175 7 -184914409979
175 6 33409162251082956456126
175 5 1478033781522185140865885810143732201284
175 4 2033236687937284029241934533318071108443931100317
175 3 -14285257307544471379216162778269308944745435886597852
175 2 54128480180725969360774716770698461917719668655993697470
175 1 -90526213477135909151155818372899728433347388743698220645454
175 0 -137351209651682028166976189409448359503490166142647823553646344
174 7 -940280578705
174 6 1093054584618614233241248
174 5 -1756303403206536646673730623021211685967
174 4 5760735994297232458444249509818427089631675407591
174 3 -25756119485272459908719818027666443298988264126856520
174 2 126740708937617014088581214190711753136763475995695705103
174 1 -595481226888372650949053139276199785950056986632539462590480
174 0 -448281664258322762974812973724673926942793164490715807772003850
173 7 -3857549360795
173 6 28453622607568928970728177
173 5 -38017959704874814694565278972492186457321
173 4 13510786453444144557215382204645451156945713117782
173 3 -72010031740731523663889858751332227439232910963345939
173 2 419971721691579184260071057344846737804349043115915676849
173 1 -2009664100910067381242861346513578861503956560656130229468963
173 0 -1073279945831809170875615392988913346570723858549195316307840120
172 7 -12990897076950
172 6 601421885400224685459095953
172 5 -237132333455914857151236629152296371067450
172 4 26216537701930091404771739963438091945638822184968
172 3 -259874192798016827711734847392895582675528798854222173
172 2 1519734421385302411486659642189032159985541268034586708976
172 1 -4278966409144042504033408155948959234877440900941546005038744
172 0 -1957092891269598001824675819291198514239385507661165157818892663
171 7 -36392122172965
171 6 10558286042599151624977160601
171 5 -1188354746747732383894682528476363998855355
171 4 43124991943491098529006082900095472903708614653943
171 3 -876201275105950278977017493977396916979513461194988605
171 2 5086574971462743914295722831559640058399978248855155127577
171 1 -5470875396871990192044103215649446535819384915747665916273556
171 0 -2616386945359740886261568636206823898321219968377826203030434004
170 7 -85680492668537
170 6 156816442464796993214276012488
170 5 -5603481072193950450413528059691503928524986
170 4 65121728560118549744496503579537862233002416570379
170 3 -2365463841227499398891800775923515927449346400855894433
170 2 14217607340675672545565649384655809398323640321920397630632
170 1 -940725577334356360863565380840854541972591452076744663618026
170 0 -1853191109211577669142049192788902005257583986102439583661081964
169 7 -170884729112955
169 6 2000449779307654327764997125162
169 5 -25381320233120327467521520605480068692601679
169 4 107397354889554363840109921812909325280925559840158
169 3 -4767955273137128279179210086715496815925794757517619180
169 2 30433025640872725687576496102988402705396506060088962077859
169 1 14766540121877063931160629427246305341408768652113205255333313
169 0 2701922348900076311007527219225884184457476011700572031373243444
168 7 -290441800812020
168 6 22194369775820384099637254889312
168 5 -108768477571241564434808020867790213496668101
168 4 217736655968807385271491166492741919711573532789146
168 3 -6452577639366540569122595977676186493322994887209759909
168 2 42172304218085855260204893711171910087888757308215573543002
168 1 41912771657346410774588411336646642378541134896358684570267952
168 0 15792361696619378255711121014526360750126213431876725001015525661
167 7 -422463381257385
167 6 216428809843557600867123503534097
167 5 -436113623122174338972665119156658115589078275
167 4 470304959749780617275626567022578339662332499300865
167 3 -3695697347929824204076560342442659443053285968375998284
167 2 6317449905821026517663310966146170029509509000956042650576
167 1 66265317891514668168987611309417648237220670527674117224840298
167 0 47131659805273653121752377242405883281567297167368264482024781976
166 7 -527278984677575
166 6 1871719354406529738491095916099936
166 5 -1633088538841531776782708485689291830522433634
166 4 869165571436719824794501681044498374634065522941042
166 3 4877565131992287959916018461099046166387728634123383107
166 2 -150678594427381969280041233159114855996042138357311401491220
166 1 45467098427464639306543986105174705076272497783125939556322776
166 0 114705381385599834453563241018560240165102608265764626977096340930
165 7 -565312032300717
165 6 14466694359411222186384979341173465
165 5 -5726185362243996242087422788936015268086694390
165 4 1092577397667036952315937406692265618018463160114227
165 3 7448516439152219260922448284717596446975617956765073784
165 2 -453852319251501546405774628226709783322487200860327532887096
165 1 -116897002572472960446351826439611506994176989136948713495040167
165 0 244879407770521493577151638433775367888606598121206817464196163664
164 7 -520383363191315
164 6 100601745017953636959729259783416626
164 5 -18861441536247806878624117062469105313797060620
164 4 106557274960157785630244085000881976830117644250446
164 3 -24144271403834232021679244736772465041241068920223864376
164 2 -686495767826124527477349904974247348230872127005782397118314
164 1 -607863081829235991510708946564310707046398889679579733485733447
164 0 461754779129323108364304381091171277705018993029551465043641850794
163 7 -410402970651777
163 6 633122459738406541668786742754406227
163 5 -58507009136078171678836831488211986595245453415
163 4 -4089281329839976094933947442389559922890086364882298
163 3 -94146484304679343110829184122389792592311452530292446033
163 2 -199341456457827457601262244634398494954080820427951907449710
163 1 -1686505299936665800932137963991024518558480208031768804751434839
163 0 757575758272541403120742731816105063443733032451410280014350776036
162 7 -276190654879334
162 6 3624508493317875702916358919219675576
162 5 -171185684564757862586957783431601408572851075612
162 4 -14040807575621069765135066963061157785883756053529072
162 3 -82744918919142432022940454302660711590826750088760260525
162 2 1916671738412707910081844243399819268663442065184601650056326
162 1 -3445197075888861584354517583401411823989227850195010237158212661
162 0 1041889244449807271514833747942315671855914436528818263796078987900
161 7 -157633541172627
161 6 18961211707958716769264076133398198882
161 5 -472981892587826381359207228546415568146516465199
161 4 -31145258203270860666191819920135858977076785138911848
161 3 306592310465702665996794361570640345979318262424283128023
161 2 5897927230758718865135550039514899670071382809830953475717370
161 1 -5215686085155577465872477886459191247477498170417860196027764954
161 0 1079443053855400884605082429802570784287468178444583587118970767072
160 7 -75638110627313
160 6 91011608820320683383522611936567290592
160 5 -1235257057142237616483500081480633471719227950429
160 4 -52584096589571163020401423713118064050422051967327901
160 3 1265840992809875132567449389507494440930234141501722520677
160 2 9802221043750085234792163928099452022563339322456045835561033
160 1 -4863515124615853066905258910824938843891402981175467660092563194
160 0 439285116346470007915823044395786004613596017932872316057431649811
159 7 -30150457613731
159 6 402265155003253369181388287810216437349
159 5 -3052265472894000358473543042336707881212617754108
159 4 -67908486344005836029410005592232044569041797004970129
159 3 2068219536043973418194729792660518653131142718923756192960
159 2 8714854689336340101537053705521445604171219569148759018117978
159 1 1164311491611693884347045519422866248281735798034530915883907464
159 0 -1518158656127172741766394623866639553992829276773656805963735617408
158 7 -9823858917054
158 6 1642565044124149295501551481101980083138
158 5 -7142816709212352948517927326117205261239508609033
158 4 -57556833850221890733479895539511766646108299991279384
158 3 322113135966229289715592174866045649784600056600967770957
158 2 -3559022436734012464302226917176103980168431264663213109745002
158 1 16047119625488571889054641734505566874055162076264923623560077940
158 0 -5589380776288950744350914955489568279570523540058268318484027574472
157 7 -2559553110062
157 6 6214357656495307881689301090496026597988
157 5 -15846405981028781823459290177105138691523957344701
157 4 4065461365524906553064880302915497299409156171955888
157 3 -6803687891119565402503871817552150069400148066899434904068
157 2 -30049608699211167128402664015299689108085246400802322706265978
157 1 39279028534938327020027964881233599233749690565714681609148824912
157 0 -12558539908915271675172908056131476065074394515638040617059862924544
156 7 -517325497936
156 6 21841329241201484504732497076528936178591
156 5 -33359622938773046389774470672909373960717240258130
156 4 139842942183386551685860135927702707044835699952334439
156 3 -17469679134614234261554609087086558272450932223990952429095
156 2 -66080760358002858544468650270251980296150059066755745260100954
156 1 64154918472395466022357554873550591498031454004675519141519731016
156 0 -22761900453163044844177359748077539496101098282807556280900353231061
155 7 -77678261455
155 6 71483831350238585317929212530049989675733
155 5 -66699785325643481466720663542571695741947315835445
155 4 357987505754204064589821420902451454515553551323782486
155 3 -18213266058727121222576158089846460865645396867110585018834
155 2 -98025168099855493966927363606135660781969675532023587679833807
155 1 78883289431941655073407904327979224853771379232718328164251252207
155 0 -35090196481840614523352105890078713019057128497706312201668967888144
154 7 -8120580480
154 6 218334607468736547247591358689744050261782
154 5 -126761200618540046685456167866540177067620934622056
154 4 643981751287846398627444585905255267178582142204354526
154 3 15179368519606133307325629702909071124292093358677491674272
154 2 -104510014569391217196084168473828943035452101855271164110586689
154 1 70895353390805653646866899887559780126763931679204342630970087345
154 0 -45116729881699796345647345057661965052873982601369872223991891683572
153 7 -531793082
153 6 623558145017853426299851026000248141338617
153 5 -229146666123235574958224550276231806062045059934229
153 4 968415421381438001672491684955377231818540114662459631
153 3 95941044765625136585775676059831553840441642464081829071009
153 2 -54901133150700778325605133079130055066892987514703823669577648
153 1 29090726876286152784389425904029376363517301112994268582275441691
153 0 -42505872432247235847465930421269268956945563505899930342291886522748
152 7 -17918952
152 6 1668195091274660841212017391256487484248157
152 5 -394254743762924157114293224373067029873569544411676
152 4 1328034599876826449481419625661653953492164890028161814
152 3 184734234785865008468687492955812736043209146229063369939583
152 2 92765423030111271169037283469012088563785632199203705139714077
152 1 -60666974565645537490745493097377907393148017422314136192320306568
152 0 -9105456338303031326992620647928354339116545512447973140106742506470
151 7 -193974
151 6 4187336203457081624076711375556056906154440
151 5 -645976059313209919748811820150600305504051310661425
151 4 1844300643535016706586080488514367586160133729791519446
151 3 163379065783245008133937149403080813029834215393929062901877
151 2 371928887186247665947288273246679623970548075274120615592635355
151 1 -221429314404784723534701600173708722013002406837514323681046933168
151 0 79051323999627623522866771194398083868742249265301801315080348841664
150 8 1
150 7 -5956
150 6 9876240215098578667531429106075263731278988
150 5 -1008430111849297195663175164415430179549318109916243
150 4 2949932713045922110303823474043246310577105420978408296
150 3 -113933722700000784400533542621610288352106528493597325689429
150 2 738517050140010869396295581605896373321200814163389860213346226
150 1 -475648320062247785515859053342322913667936006754135502167557256154
150 0 241361049059155776926805796667588198529739914280956826072274791838322
149 7 -42794946
149 6 21917528891367874517931643348402720247402041
149 5 -1500571173840792885953205023665490234791671893107188
149 4 5683589481146048080516048267912490187000255975739984527
149 3 -661943063448765780466219801045709213649515124123371867218758
149 2 978308813789596979625465298606976940280992120005131449215103616
149 1 -807616521183689450362144368618984194013223698108134319384588276535
149 0 470792813857772227837163484180009950800881910160068196683572036675624
148 7 -37920242547
148 6 45821291426010751508054430068870808084019015
148 5 -2129220860152433559448838648608572177039229144828391
148 4 12046544331111002591874806144666542376788046270280630383
148 3 -1183701035451128570541303598807635120514002177488039989918669
148 2 714045349495614211732127134183842268638564363095746054875281716
148 1 -1110279969180155331827608009928100013097807029487830411686575160378
148 0 703532591969691123270512134288419383405965881548110044029643666005541
147 7 -6915690407782
147 6 90343931857497945935340151162116058123585272
147 5 -2881986051057528270431140318389903598084823155475620
147 4 25194810984534854315672557499026320632170635757125148831
147 3 -1080062305994431664640662853074379397002545114104616963741342
147 2 -340032938409937307332501125480423546306703497985186171231249179
147 1 -1154407947170406227443047457402688747607281684669194805488712830684
147 0 793979784734483442798764855190273218788539748277708826485228199756644
146 7 -525647887436802
146 6 168159243484656563474730623886581214127132257
146 5 -3722256138838978880929959880456873960278388340250206
146 4 48922189648664125555010234106851014333324099353637253412
146 3 166067242360343091729029998679815966323819479602449360047170
146 2 -1924403556552715651065186345216404121443015228162576744484516779
146 1 -616179920447524597506183991524343501036551084803389383124643886056
146 0 520667223517120645483519031955346618021920273152310117179647405573044
145 7 -22169893156643908
145 6 295749427420011273637986264723943915147458499
145 5 -4588629781204342927279892545184872433758450393453032
145 4 85569466980631035147082863479808083770517908552822755513
145 3 2339140575326501518793109781235508565615765344483665665264149
145 2 -2996211151366823076393933778132481971209137039381012651833994168
145 1 826517356499999995319296592771717939704629085847998735365023518491
145 0 -347558437375164736444064087896304959896850976681731857245701913246532
144 7 -603430336134323633
144 6 491880554192796995602302304966542212293660469
144 5 -5400405469686370422734148048962699543749759359723413
144 4 131602526571292647740409026198545473554014962933932154396
144 3 4097666670481616818777361970879015757197666400875514774840605
144 2 -2272482839663399996125715786394074526240261730581676063192212131
144 1 3329494996427360210449815483534968824360395153890438999451298345101
144 0 -1910747506465156867942009568070106275309085724787021436433487062030415
143 7 -11616314297790567950
143 6 774178900125808587515273065163036215593366829
143 5 -6069209289806605390865650563038615155118418357149580
143 4 171299420931794452301591278637362725867454186670379697323
143 3 3479296236190333865479636049012106255736746303483253210876243
143 2 410862950127878642506481543579124248368386227482619594172177728
143 1 6632288283581976458411622906818195577780303932047741860868978721662
143 0 -3947654176275062777763324481895416383823917788931512437713507369648840
142 7 -168056739390905140295
142 6 1153842541723919571281674453460957855992633140
142 5 -6514849614780955334332837692717764068866897709682359
142 4 171634447688046805668957166277084289220472041759342657516
142 3 -597641985020953098431489888009876750445074430076164764290827
142 2 3002741509978025028301946399035847371943592223321508600851787653
142 1 9728979398051683281169278032963237166473991991589804016150503238008
142 0 -5757735051293863156143904723593994335536641511330058187959769783934202
141 7 -1907130177720888453970
141 6 1629367008540655828654179575250309395978867229
141 5 -6681762669356154132980815687080336265863007439987359
141 4 84632307337957637639841300560124187294405904779647741482
141 3 -6750662173451968583866440324176982060648565857635692163710204
141 2 2125190571951648731474555569886374111983345632693721664248778575
141 1 10620634369227200635934289696277591970259771655469616555446626902409
141 0 -6164233584773046135961610012569181960743597994141379278192988732991736
140 7 -17520937603078087536657
140 6 2181069969466857136548550909028346965204359994
140 5 -6551576109672730407062303184910590928631432239848142
140 4 -135656067347522213019143963633239472286220155651663820075
140 3 -11000940335733813678828261302150656861578317040982852476382689
140 2 -3487132977984768593454176915877640036670722129805939967027743941
140 1 6544151664141866793494777124261885144424328930764621642959625258156
140 0 -3806241869083125279611573289907273728797536774186421120928645615838101
139 7 -133494448452288337986650
139 6 2768717125411589061128551182779975942968829790
139 5 -6147669427985235278674305840817493249394246416179238
139 4 -499601454543531925700111292792163964529993677806992570005
139 3 -8954574065879104926098511828075344502705452342427997478837989
139 2 -9346913815529347685299700228144605346882608358477860395132813975
139 1 -4879733258746931850632860154612615677551459857862815815365603926926
139 0 2236943205487645682576365602842920299800608758210971521328684628397836
138 7 -859646194871680623174950
138 6 3334232219239575740676826315484658351915754341
138 5 -5529100184180764105265276020473765069439121717649938
138 4 -942521716653294833033362105709166219876270137266943731291
138 3 709507272283786728745698702018555372073337884395185724989031
138 2 -5954565417641934597698846965988845692908464297981833922847709392
138 1 -23555334639336852786466025715375270433685405065744943081639217626448
138 0 11618862405981241484902983390147984623848322239277551835783282747611164
137 7 -4750289930051847616222100
137 6 3810151244273169954883772000611567900111861873
137 5 -4773789613750378107168665652200426356004602131958120
137 4 -1304806836647151377697200217503573960593114543295615867579
137 3 14085338493400846746045161020419990162290838295017630275364304
137 2 13382773642166155704089876440844204273740537487976615960541385705
137 1 -44693470735279533943223691232063472075631454418544165012270258345393
137 0 22037459965514004555078481571302188731525806636689741574124294496430476
136 7 -22805720563623333646188060
136 6 4132474649957557783677485189514493256569357485
136 5 -3954521840957527167450950972913656892441534596563294
136 4 -1362128533065170683917888044160866336482598065863154902984
136 3 23512961407807040561723264472891905315028761893844062356826011
136 2 41604409189783766267341517768531338033307596181168768255206516706
136 1 -58050501710378708260085219019266466658973764160853116958280945515364
136 0 29167688580505753181631704423055543179468114675879587707507947905142481
135 7 -96104067333586298408782672
135 6 4254656903790183128230196984621640611401278617
135 5 -3116026377418523291749380010630970303927621020408649
135 4 -918841319173422934483879193145488336173187530137061808433
135 3 22355169137449705801099416409369077728928484897264599144751697
135 2 54364741341645158053383025989819820306844504856885464893042146848
135 1 -50261328657739723420427578206132529218500529411479632642520361909178
135 0 27637124049223817705717016082774199654826205231836488515592436313800472
134 7 -358540690973421941489360310
134 6 4158557574470203399743461620935806437481595637
134 5 -2265664745275436152634416912401783915701386091310637
134 4 62433951773709492655673892907623838545814520674959689700
134 3 9790957091171459963127842607286549568059218731637063039629758
134 2 23151765606186487805161816808118219432812160641422085257993930952
134 1 -10866169208373665769686866876991240751851757603079573819409077124452
134 0 13121860387619991664651024226331628662019519904536094538906959160669870
133 7 -1192829648555555863387803710
133 6 3858826157609288107165818163887293692885598522
133 5 -1389990972263712727897028885069260604617777615834584
133 4 1364680840194787168744814282806024093743392040108310571821
133 3 -8231699008170328390793462528680237528815145341368753099975872
133 2 -58195516407148822224265623686832891064791348981776441805277279582
133 1 59378937026350858266163404772187795216593621142514357875352517078307
133 0 -14940671808672091309053973599678318497285074519230107860226664052297440
132 7 -3560699905305388290967671955
132 6 3399270514974027065416116873374795905967559601
132 5 -499487695272674971003267350323786494158280383404762
132 4 2534263886907218208604559989278426290120525620724754863568
132 3 -22958092548086599811529600947618751401212813777818776538034723
132 2 -152862166664335725209244353655335681036391445837009543486455414502
132 1 141694035506822499861731893269460325922626853934682856191020245254129
132 0 -51125985914292083580406717998862606960328689421196924383242479645159708
131 7 -9587260848237119830923166130
131 6 2842439318282974419190618808100202560933476410
131 5 317073343562258675610600467764830514502888020144528
131 4 3047458443075007828347396328245043079990723683083564262275
131 3 -28741408794085203090317546357615247103232371286036133559686601
131 2 -189794727596350831108578228410588984725169896100785555137764853522
131 1 199308455162821375258396003045772145300819161385615078942254385082057
131 0 -83674573133424977137949942799811306735532177626332489324903533840625924
130 7 -23389245038972186185302637185
130 6 2255805916469679221413969685836325434466628521
130 5 869501577232618059967014709448587235361309329364218
130 4 2570339393948213046798820636124982756792442981579695199382
130 3 -26200792304864937154243450160759366772859402070380233141454710
130 2 -107739945481524814274552652808277080461705215676292675732296450026
130 1 188666668661389703725750938737394152276995439418357574057125481292539
130 0 -97075113026535738733784666899502287397309474545159414523145776940465804
129 7 -51902126848504219066145179580
129 6 1698714237235017627657267453836138046291197612
129 5 918417637226718920672969070655777201298860207963397
129 4 1175166394321026042587116730440024995114765455330249154142
129 3 -20188813717740698738005865515538850669085336049770210262552776
129 2 90093753947642188579659788403518169067649023153325078329089827876
129 1 81227540070003949651043370708307064115276819953658603071451500432384
129 0 -77576919148879172229375747570847406276903462108772592483390269114494056
128 7 -105111407079564507598512504605
128 6 1213451833117902897645526371583094824200619501
128 5 312356613550996046924366391574556252832889002330226
128 4 -631223471852901419839331868773536346743384337733154830773
128 3 -14566676805201295595022344580813358575843817302148398347734076
128 2 314075420006717468519641349712140107494617915429665027779632661948
128 1 -112544514324801225128130776920212280755225824021520835492458044132144
128 0 -20127546429470893950110823015347076430871833070772954594113805809706159
127 7 -194829004711599797823460067710
127 6 821969972109457965150712346255657687575894598
127 5 -848201189995372063444164957367152645475772965740071
127 4 -2119180024409383623275613253393138858629186971576514330366
127 3 -8495772103999918292195699922382608561047544412656040976207865
127 2 427379402722193706677771326917663412746660780525058641628691871440
127 1 -331608135077367878920460497479625840806636777920855368615564421531568
127 0 66081498762582688087822960955654743552487113611098016205285363091341872
126 7 -331329234022661088582541268485
126 6 527763649822846309760863323558459358376218771
126 5 -2136136253387898344181781747273536815264165626434368
126 4 -2693253615414481054440901008314578439644429276122626882405
126 3 2426270319793124268823630877234512543670716663001515951555494
126 2 330964578287973457498376963710967751976734451868135386442475838050
126 1 -478294170806297560294740296051631857024973465913570133107229137511844
126 0 156622958206043815042240504293591571629006079835929204782147196885760868
125 7 -518050313641468651047092542324
125 6 321042495088682965437453270892820782601878681
125 5 -2917553892518881038857429129913021711410898811631074
125 4 -2194584008542706373508019041875476430288812112156723246391
125 3 21072735441902306532888595577662005978470031232387317278439601
125 2 38352998210799167848494991679858113077685946819966341477765894062
125 1 -458982216151107298873258365730221484811511407018523515358868806707098
125 0 217407893554054326277823545006641450944818660525716051494420095761706512
124 7 -746020431476622702384842568385
124 6 184920039692983890728230813494615264630021846
124 5 -2663461763905301644957719679371171625530429507074304
124 4 -967304856232781189030202113079882277640060684759986705423
124 3 44039968529487887199829885630279049941748272494580086774449620
124 2 -317034226809230326928381004032830782015982637011457029306400837202
124 1 -235397929810283270169364409342842048408508884041994763022972928790884
124 0 216300245893921480082875924642171912923986047779480953170511317470930321
123 7 -990893671790791058124180288410
123 6 100793138887213725870107439287613250925130181
123 5 -1296634002581009880671482459883054770336659624845086
123 4 351034207402357759246068032369583286100402787734638906102
123 3 61401371008656634892630966542648490635644610310050076976698669
123 2 -554577843498722364405176827205011547883942214508481736293040947787
123 1 141171924296719373235014933338778908997229639597991948542750519668927
123 0 137198607900890576285244719185749094565930489152708341609638532817549064
122 7 -1215383393926151666613681543935
122 6 51951420407248181311702184049023182343688860
122 5 665490613971230817917743140276798486837841694666376
122 4 1182678546083604449933226515477063033370906267396125629659
122 3 61732469173956767075343489987519597723636083313673302714304745
122 2 -553348737129515614425143932067937224063426327030119746015688944997
122 1 536522345995279163895726290717679590374848577460322800605306202619313
122 0 -9152609395748644475254661128486847677358659952677304656924120951196604
121 7 -1377882364014220723284095536040
121 6 25301273646272985444490912009491824825713752
121 5 2324579092680355309757282047994149088519028429182256
121 4 1290410054085007548621648434843277087475573830930851858388
121 3 39312913482833632955371196110386254799008342561866731453985478
121 2 -321280200266849584906950509351346029848862865805424733366032006964
121 1 784918062752479385645819991830690298330037944063537654298519455523261
121 0 -183317031297697457071167137074474287107497836203886781958577582521569764
120 7 -1444853412428218754839911990671
120 6 11632900837138263185542437751130957474489818
120 5 2891826179960421413387212594847292786505135802385755
120 4 831473260883962278884649328639726057144952203381532142477
120 3 -1159116008010005030362611292372983068750527539351601923272709
120 2 17776911773037784415775770215866164980052992123941481377316611923
120 1 763885971570184293686066128461569233141928089151827669406729742861620
120 0 -327173193633526793333412746320186364296340857919180355958282749385963068
119 7 -1402011691267281049765778868510
119 6 5044491618771822418615351980659367732278232
119 5 2155613159480822991556216297120763885551655873261320
119 4 187840127019784818394343670408479633888799139685067924534
119 3 -45467868491561370417919538972501310375189354103592226577986298
119 2 304575067112310007455416226518223899631305076245096983087570767665
119 1 455667095832758708298060398670525085967907261805272992600824796793880
119 0 -383806226578755691356258844820172887009927870121664638761243108538187920
118 7 -1259234575794355936608335420775
118 6 2060970667069324506638572279390276642146799
118 5 605671602290826458601657214823434055887007372791707
118 4 -287064103189741829338348119948898878404408277043891195438
118 3 -76152921048867530635186908833448843162641098642995618858902420
118 2 433881668571386462994690448762667073118977312419862236364548260460
118 1 -37159919029717937001258532105088669183036673356860006469693333482858
118 0 -320365068697120922726444957901786507175883964871209443007146422358240850
117 7 -1046912781469624628471726982480
117 6 792405920029833006281437623887646858610263
117 5 -883343689033691536460280281051078677825599107112876
117 4 -439971454202259620948983015485550263529163164124334098512
117 3 -80839721475735350993904733244615695651713012611872177366383049
117 2 396184869931123239981754354084941730595714945172625601199510203898
117 1 -532076063709450766542127636088810960484035407623239240318607871532821
117 0 -144385991018009557149699552337713308571078343427247190713531503369598008
116 7 -805559747927753419106038087815
116 6 286347226028094349618830005179835964471076
116 5 -1593317032410995635162479403253803473271823855359699
116 4 -329375593454034735000912912425418796961095954598661203589
116 3 -58200720034416566525900776201698213310790894391040134419311201
116 2 256130295956243540052588072689605532232872807191332184028595513123
116 1 -844802197961351984974501940830805310875660983857248931038754708876360
116 0 94392200179386288036774124984734545154142133881628504472817254493516401
115 7 -573478093866128108401892935072
115 6 97118331981554257290871626245735970973292
115 5 -1356738759717991019682135838855052432452485993672932
115 4 -117422599007026875729931361567857716519619095687885872348
115 3 -18436351754274510754178581227942618540473236874117449403873380
115 2 96344774455192036870843868375953799474870699888557168211419356391
115 1 -867739760063333218805368348420089944689883439425194073004781930815786
115 0 319185613712841885692793411675918254303971554333013928121245335013054556
114 7 -377511408334079318875410021460
114 6 30867414984233721616425206507024979670756
114 5 -555911619043536445185488522523689589507561255132531
114 4 55315976679394881546585728086858658847374608070194706178
114 3 21869578536427567323202942506406226327618038372775623069102214
114 2 -29510747512362092373728988029053730455176564890377419065452045349
114 1 -611355807744343886630670752358229070244781271750999177006083310841522
114 0 453468787442779678348984380262566669837024481400734840616063828521485564
113 7 -229621614029623244396528116920
113 6 9177650508034626661839072293879028839593
113 5 219216355378815998342739368189604547628120404416291
113 4 132295398316265539749723505271637369886282775563125864352
113 3 47674020718742096926059368826183197318454939932192501472644531
113 2 -108940379806157387907657869405176982827188168753304090341662165974
113 1 -190746067690085024732861894787034988204288696526014568024935221644149
113 0 449866547231354057818958902084899466217484192975437169758996271906843036
112 7 -128929101859868596982707217765
112 6 2547924337525001466929826282361457635018
112 5 569936860759205881378450734974489453399926134078036
112 4 128942600488671757633740249059102434154888270801227515475
112 3 51978363833041588524393061395056732273442468764965230367669269
112 2 -153235117361500103550113439667481197706859726122001432075784562319
112 1 232260044396280248382727720670851975342976148282884431241144447574093
112 0 308724076460852714740840725555138337925123139060546663001867271758413579
111 7 -66747994170502072597159565720
111 6 660268768556311314428656132784957398903
111 5 469359544892763829344185216216153759627963812487671
111 4 86422146219813546535883326452872223460346906204121367404
111 3 37749515548487833123545974912249152787948434961826656648100844
111 2 -173710104502638934225639585134803466514872359306743636936565289742
111 1 519939504657360220776683325962496505684249458663858202090559581793770
111 0 78344004125970343133672997970113195183822737783904714205799331223166584
110 7 -31817858709365267645198759329
110 6 161593375065772432212544334965344290117
110 5 158598320969979633143309932629424430029969246892523
110 4 36349051056317608368943672715660146815390240660910887988
110 3 14841732291098004338453874000319353449370203695338574063406172
110 2 -170946493142044397925501180685315682997658091102034992689333552891
110 1 608060053851954608906257890066651820668452552694625243484275156911776
110 0 -163507084343358793939946148407466471064081857511859278981778384999023482
109 7 -13942548676714040540948449750
109 6 39600940549132210600699292815804048761
109 5 -93906039747627337663045262396522890836046096652383
109 4 -6939106283766542712430964183583258149801002244284692053
109 3 -5773105889632201963864434124926874798811441517414729928223200
109 2 -140124204341756283629219684119449373790839405801386937621772390127
109 1 514906229329895191461274947846292067693233145211368866666923239205213
109 0 -339198555383903579119751125735096896682191310878968531293969560408152760
108 7 -5605747067061944662859797655
108 6 10453777644499433871474548390579480383
108 5 -167562240219294982856477862488432463011904510665374
108 4 -37784343925426791272522183520288852631679628133381305631
108 3 -17077779163744518371035237849683155669349607904727899575413822
108 2 -82359223953946276715855243676491871014462123525391568152905000811
108 1 314170916345968534406715109762225898697971271430292632177654295651112
108 0 -399543309287383727151383646452579995319146063831732891614822858706867695
107 7 -2063502212805216759691543090
107 6 1187226910286396758295192117035922510
107 5 -104193105295838891871793999228987709478489194713580
107 4 -51928150284900891960845232124619129394017819860981829126
107 3 -17995582890284826553798516837742925923852349088625343634688223
107 2 -10419179475516340619529749711175819097697750150635126485692220819
107 1 92594942214124012745356961238565109289996226791957253673127546094100
107 0 -339213479390344007440817146096047225598780419776252852741678105247674292
106 7 -693716503101662312777616670
106 6 -3654522755655225791396950744459116758
106 5 -10984015976097199996991346506627976902493780310341
106 4 -47297331965157814818118214012083652337256996743426375163
106 3 -12054922340052224892623551117869256008779200879462558845886320
106 2 55332491402811464667089629131562223229710369474077242916094568344
106 1 -84685644634017534639997637972350978933225429510157374909058227879802
106 0 -193771911816219866573520058210880921195806262459016161192931361275216396
105 7 -212392767151206708412624226
105 6 -5237173048455941574857480772365787537
105 5 38394958671747104635057439103992202715771369330683
105 4 -27867675499156671639579703603852319133463196978346587234
105 3 -4308891070922430377621741428614180373248506871481274642260379
105 2 96630889271990269484692653826421144400896440605229979992797751411
105 1 -188504123954899315932589474610682834321135611565326699331097642465663
105 0 -21275909863218939440280423779353758655110160786020134033764368579154156
104 7 -59031289051690046680575545
104 6 -3161908881465252956681640732941529350
104 5 35917676415503673999327242506258869828477491631905
104 4 -3621407835253079326154211847547765810016405097760230151
104 3 1433744894578258041554980976960808616906411052649324373291638
104 2 105465781124973187179648897236408590226288149877761926043645628087
104 1 -220940205983738329318850523204229756027973728671993081860603012285248
104 0 122054613298569666674822097205435620922503450817942283098171444604837061
103 7 -14839453630030012268475450
103 6 915861351282803327263217412062721440
103 5 11781815459872057937372811119430443636212258468608
103 4 14582752817348885402146144141623149281226088481643744455
103 3 3801290293942146511738006385090552414575442439223407948379212
103 2 86108912983993935164767373125688792358637530348240365528454336692
103 1 -201231677701839258581740173414133359834198749092166256205358412046142
103 0 201177139969110560029796289786827147396562280424741066170632743012095704
102 7 -3359906171010511019470625
102 6 3897206088819164439215962933900083599
102 5 -5768788332517361269451651038821717167206912024343
102 4 20894334045157321236345381554520080201980149879410130126
102 3 3453626995621817247776474450574925396611134371779047043045141
102 2 51140353066323483010722193205273355890401276211821937735876850434
102 1 -152375636638701622051715217627066467138294382306916593133007973331320
102 0 209578101301863185678307035934258527601647663414551275497992176661083762
101 7 -681902847628233187751600
101 6 3726418607076023628564015211502049146
101 5 -8762207769789902781640064888061500590358803068842
101 4 16550586946315148435186951251457710548445237184937539806
101 3 1894246447003655774513314250470825695666152848040602665634689
101 2 14833470792185393587465571083139610767228905987207306944678503872
101 1 -93511204085617495826457493737725442938925110121480133794971247681351
101 0 164246757303449728152940960967070320624849132856090416717490236895054864
100 7 -123366497430341471677501
100 6 1034144260732475698457673765767551321
100 5 -3852743110724070552114329931480903491353304796925
100 4 7360038035889168904041599593286183616313896024334090738
100 3 406055074961796947307937451690887371436449361138285022561980
100 2 -12373342803923378509569901634625631153143619332969484011175113198
100 1 -37853609785566965169655256774024220794801112359695835568256294393919
100 0 93364462114075846134153804238248536390021307074142010972854324311678970
99 7 -19767842101509718066110
99 6 -1671127226830720627396551939867948937
99 5 689443402724224305247916979720806272211545229951
99 4 -710434605369785234676268951765860680885496878811245150
99 3 -418802049037567696718160956947668678739191627092142287898050
99 2 -26266933484110231826354227194819173949262759380613397091181893034
99 1 6582467294885440797017818030538683503940765736242330889183414051185
99 0 23622765166597886502281034840441084053252541319985206901688450754965572
98 7 -2784485892430534289815
98 6 -2371833181272393602550303891291682124
98 5 1850297853142980554624088282513063458471918026404
98 4 -4605712694141647640782678471867805174189916170389184762
98 3 -595742763274674745955569429560565136938851906830605110104229
98 2 -28152356914605510568993503580936477031845044940206950324745370652
98 1 35864142895238531543473452906890135992986130380029863338678745365655
98 0 -27780460418137353669096993204031142158809803989657147394237074516191492
97 7 -341747610875413444520
97 6 -1120303905962060679832647821465510658
97 5 925735483753531414424113980671236546244416138901
97 4 -4556116539255854111288987104569071729677930736189402714
97 3 -418666543347909675951026390188473298650228022351190081500523
97 2 -22404703125196892031745910036231275889633723779704557364472038450
97 1 49454883653442875265431920233252510160000691311941926578098539815702
97 0 -55017000685906034831651760631804791189032682748595806902166884117404064
96 7 -36162033888144319545
96 6 494946869914433697181552966074451973
96 5 -65846758178764336786423603556533663794034376898
96 4 -2547383459932822993389595415744077123028690339978200685
96 3 -171690033912073342203821066414844549378780607257016590012752
96 2 -13858367233254916927501712282494385474845946213051733773725887188
96 1 49655784779738253624779107016033651842260168077748411500355603276634
96 0 -60960723411488855050415635295014062313240274134169259104217393227246421
95 7 -3257242083794622352
95 6 1096449259375531715007072016132321526
95 5 -344284798720233814308191081311031857928066893602
95 4 -521511075897635361877754801043546377053431447405027968
95 3 -3381055476192658884573349015122746647954607107342586782978
95 2 -6074441344671541077216066359094735063709329499823548264479630206
95 1 40704437880753572313769392050934592160419793328281374677547487978264
95 0 -52771830801474718153388846674889152904971763103589370287192282090499904
94 7 -245875312042879090
94 6 606492444718786841160314045887901197
94 5 -174192746864012876221763603607815085966962921174
94 4 573515109610888746875317980168282855811475872421866416
94 3 62546960256677851701700856795282114551681706587974019134985
94 2 -768467431128927113207070332193336344388261797808344175905822842
94 1 27493188012154721348618480486935319879976111466777251934665335221052
94 0 -38044109330895148768981436529458028266734217707041279247169052893243592
93 7 -15254317400673650
93 6 -133039324905115085022179780714958735
93 5 11917698870611632653348863938325493920505014354
93 4 751623149324170673176989393699550675391403745125341957
93 3 62653072855596640471840725232559533713293767733374568378204
93 2 1884983265739669681790641469647610437236410514220717314914815870
93 1 14281415260868269681429083796916694317839521520746154620729708280600
93 0 -22576470964427454824270080308866724626732046269173387594037915819501888
92 7 -758782056158620
92 6 -417921198417871577243026323328794044
92 5 59217621148042431324089549442415053664713714893
92 4 467644250901828141101202475008234176840091685199989264
92 3 39229494494583132445623679784971783839075832570790595894120
92 2 2568924162987013882758813871837979396065670864775945556073172131
92 1 3843771812239704318402374672959410355796614518643245333231611185592
92 0 -9724248470932174101742920026797009707633274762152003359167075913811309
91 7 -29296319730600
91 6 -227798061791243230267078355833850963
91 5 26872724295116937415009095767119423888589095305
91 4 140566634609854071494716859549739522079296791509921110
91 3 17110901519985532431172664497885371398803373245458308098239
91 2 2181603623469487721075073434270576518062929926050935727075547409
91 1 -2736555591705540792993094422797872425026866450748968913860489368777
91 0 -744489356733296392764911027573149710686804412442006929993302267247888
90 7 -840351261269
90 6 49022125507300720008754314029658687
90 5 -3682519617447614849308442098185719222727307238
90 4 -41152727213417361753829827954118976317022020847163940
90 3 3877065138855040310941989293011494981578201180522608111985
90 2 1444204649001732729877331599408666446893292115427585188489993581
90 1 -5726082026664161293529013697084349944633977130212872371273334652267
90 0 4482216409951730825504850941521733043965704166841941161933514366880780
89 7 -16834877540
89 6 137442668777492945670340947226639470
89 5 -9297517447935002025399631872469799755330998663
89 4 -80071088927590393492563267985127543784188676856024713
89 3 -1782910107211135156432427225384380254926869655589277661878
89 2 772056428151348407714523162975884695046868682783881673774676100
89 1 -6133221862459597969577926316255520512873824175317719213398779856405
89 0 6755986407356590626859370667886087490528354662306396492908314751709476
88 7 -214669455
88 6 62312216908204612158328164284960247
88 5 -3333294218516631840556559960221584489857260223
88 4 -50974417726168415820476640895959319591075999445588062
88 3 -3220939501137015210410460515607022255082845168715489692989
88 2 317125924887006754518043071100190631622546925564922134791334719
88 1 -5125234861899058298851280324538801118238554044195816491197400945456
88 0 7057160824881840394789370974556732276564223970115374039613376823665354
87 7 -1495390
87 6 -22719639463454595673860636195890328
87 5 955277075213312601619868640978795795329493334
87 4 -15343990804353286937223324495776171882418187921840504
87 3 -2906280838110306960343123729762682064619723013080639363699
87 2 73933861400849743598256334527243295731860898391329079015618483
87 1 -3646891644184917602150457199030542668177440936143575035793541399584
87 0 6259591443692407861362701257171692072791670423211283774112823813849984
86 7 -4225
86 6 -38545866806296949021537247546974214
86 5 1273283327107691641185418496719495441086574633
86 4 3197665031382076412207325448718705235996881885347030
86 3 -2086923697051332100631229261773772800844032029740535017965
86 2 -23867747535497163401186243786202736967097876675809395020838556
86 1 -2276632056056584316296147039699150022233117571840093804048355079714
86 0 5010994952390917676479758477545565633601180865374233123783449570465730
85 7 -2
85 6 -11502381277958846876797959930858994
85 5 297641461919102934418216700764092570637577565
85 4 6601848235467382200111474719711269979023147329725024
85 3 -1271943372898706275287700368787559152520621046184565018407
85 2 -44603946177766199741186553396459209719270179028095463170007220
85 1 -1258138332377505970111147311717842037175428826468395174449139118951
85 0 3720177327247484659534910819211753216620420567795076880938307535049576
84 6 8979367257942696944059719657398234
84 5 -188786128156675313994894020714518782379861956
84 4 3860484623963858348600353240807478561078277929796353
84 3 -642506943393521535460517779656652406043874462075386951990
84 2 -35380020762628397959895145937249850875591508431984905541662811
84 1 -613126182071379177416400888098549852516661062780971546230966574982
84 0 2599399175487028243395974881648162017668808425579027761239686142981501
83 6 8640887185613537193618811592704784
83 5 -145235290059706652472998134936736799398721845
83 4 1009820253717988872336574659465183433022078706081689
83 3 -238773841055848717925598925376446679946481521527839877634
83 2 -20709199042446296075310235693695606296582445449487541730612163
83 1 -258785279335815714882568605242357739079829860201133241849544104316
83 0 1724909503274622410766801682778769064161922880698799324644559584409604
82 6 797983302911829212802559142661259
82 5 -12079089181154057492807018045164941110972315
82 4 -241090921294502233252146811205976193523039831311985
82 3 -29458542681762999744375993386672552351363422501241011827
82 2 -9659042419640272448290330739980653389024021970744794936651327
82 1 -90525084420716841787634732754342354861271489827773932308971856392
82 0 1093462911042981838661203057435083877485324988419906155351181317002836
81 6 -2633147195557166449003018349259346
81 5 28090450012486655731085881984800299160454616
81 4 -377777166778305888125476520299233405977152121574492
81 3 48198542774395198053080102462316456897680897067983742770
81 2 -3494964085882681945796089680035397453365559727631582976079656
81 1 -23292130701064904213703080081011031308488416020666025198222159693
81 0 664839658573858905228915773031781466928643249485933571967456456094236
80 6 -1381007541675439947775401857860210
80 5 12713672100290093537571808294428769077815546
80 4 -177993146305591004054617083472878727790256483526949
80 3 56734094710300949404884718477789825872158029127798503126
80 2 -792504119420554163634970818454214945512469272898719217731082
80 1 -2400579011224177974965874977290945418413901988603295950607094535
80 0 388762239370397922732044204606772566061539289792954639101385230392617
79 6 290316839636227975502705974982626
79 5 -1538896791562739349931472111968843579261621
79 4 -26309251795410709631785959249117933065304864629129
79 3 40377557177589393757750555485714694078999587302947810853
79 2 88162789178594048222202831355844266857842947821711398774452
79 1 1261386092038101547326602076027845745821139671442001468556558838
79 0 219029812266733758725419246070444104067359665430897925555840045477880
78 6 541534859079053879006373445321620
78 5 -3137758455620371532224716215184621700950461
78 4 21015604976731242806518184166330281205777431484523
78 3 22116980933079281682980919161406103363617673464650815681
78 2 229926154993352093355633221206868015727259266252909691319555
78 1 449766261209513401829728910766760486243083481881757494953944416
78 0 119043494135899379877092310044858070900137630318577500956056397548150
77 6 111991458340187247543442209136700
77 5 -713103690104453748964975208285950214780064
77 4 17228791982326549284543887100718584848519261905340
77 3 9697892659722463698357971640276262150212266855114190527
77 2 164078471069158052712725309692811725355150491133564514750967
77 1 -531674155231262984791996605819455270746238649431017871792550847
77 0 62464745533788016643502773044512036185484122285413333302889684757256
76 6 -117797397247406206520245935516260
76 5 386357370588243653935248988562620492178188
76 4 5750178287647072739079277394974517888054449565048
76 3 3252369611550529112291966642422005028780483887658802219
76 2 85510911376042206890367550415317964628360378957384929854409
76 1 -866334174137802729904434879753445569108573568576080599111568012
76 0 31658889379373104682842366866730334654945807409274489446350599681623
75 6 -70778748566007017188652987275184
75 5 253004271220814047455373841147223311361832
75 4 132297754136807253745843815935271556435669789270
75 3 626077340427051120855767288183094076980792164505097698
75 2 37562421265920220957378065725832580613189504336759186459401
75 1 -763998077746497642032663522892070240050453743805708722791845106
75 0 15501581453732785277450158008004488679653499423526266542315507743468
74 6 9297072072199875549309995872510
74 5 3836037157475696845955099811946861336965
74 4 -837652689536480635099079130583395230898279070666
74 3 -148434230334910510836231751593968548830665492187945775
74 2 15048106885784895644145694894448894789851375284022947292174
74 1 -522902094706087583614588174563646887550882060486785979836926216
74 0 7332498774373033450170296094759894711382881090153609863251769212332
73 6 21316558900106438886039600328760
73 5 -44072486428536557369762548514703435482574
73 4 -409313891341032275026337023446780920139123157023
73 3 -235752028878822433438708700992763653559066252718588358
73 2 6001562533898044718401180020035280944082233767251214798493
73 1 -305448352534633574914676548477631158782153424668572796976874229
73 0 3349525257281321933093585772210815316336903219930163328975771011548
72 6 3828075256661583092154089864275
72 5 -12906266993091011237612270300165320398428
72 4 -56734645533686793682388698538727827933043269950
72 3 -155154128691506824001569115186773358966224943323847504
72 2 2609378122643388958992452347010884101942419877434975572611
72 1 -158633083302552192192030419247492948645233442189942843877305180
72 0 1476768809203658742304109689707013830282109487506257389753269958001
71 6 -4135188019229732246064542850500
71 5 3940536267726224429034914568855825407224
71 4 38085797317030156060704441838747203477544834963
71 3 -77237386614522987660023515037077196467552109826360537
71 2 1270835561417059360366675016082508336534895160856627962688
71 1 -74838141661998567526925200106505499432250779514564717312304386
71 0 627884506751268806225488238886519628631176629472801540181585366424
70 6 -1986109669879066607716458509060
70 5 3134672294244654992423043829741798501559
70 4 26878174298612979800150167256659515634579434512
70 3 -32301816983716327389382935253773132876230806953175254
70 2 654253576704757048927618339529914791666563543296133698324
70 1 -32471892098698633517940474381077919273683689462644266842049620
70 0 257192460196945786535734305940495053582135445188432177544759049046
69 6 441447855845881756019345586740
69 5 169211923045951058970025809617774566683
69 4 7390489996988653422548959446179680659894719441
69 3 -11684715363505585935497320695470442531720640824900130
69 2 330692318478966921447925070628803880994543214956938036390
69 1 -13050652633995562597313951180916943253158111521291036712030073
69 0 101394530490521855910260147632477834753767503208900438679727276608
68 6 539805510094819114550922970335
68 5 -439408647154031678752835491886444408890
68 4 42160024869976971788965757533525932222406930
68 3 -3612737579265917297358569516045073743441713226217126
68 2 156915595974315708397151797168011172594610184600134627013
68 1 -4874101024015885948210519024363697017679095544854563594483731
68 0 38440710470868115087489990805964851459604856617690050872689621312
67 6 29023861765336619746887410920
67 5 -129661759535509163841947711763654047059
67 4 -717415130264814321190937129651457026351433943
67 3 -877652180305378222708409665480291935671062777780984
67 2 68476648154981966320059080751578530307338700724910691462
67 1 -1690748570023897151028872220432913290225403524606550858244335
67 0 14009019377341844540487633859104915571442121297211378088486017356
66 6 -103665461825149733692478015630
66 5 33322155353012264466171041733364501870
66 4 -215633425457883070844138663145431746421092833
66 3 -103511872831744951737084965873063320995189847205311
66 2 27172016182146250793932399421878265525153204333830566196
66 1 -542001310225012926859177505569076455740262853660413216025361
66 0 4908699263235310552045578018974996545985409314629497822221545572
65 6 -26932378597785587233451849224
65 5 25506904597350933702596268763460827044
65 4 26149375836324039739388050555560133384909581
65 3 50648712141656731492049813506275856735379616534367
65 2 9670611992340089565255292380192211925669514260839443512
65 1 -158683489920265221069641102558416965552727058766307956997740
65 0 1655591778357845254538016799640880872908250826997249405248664680
64 6 14366528579511574754090569000
64 5 1043115994835129715392345303825365548
64 4 43175868982774105507092911643768131433823549
64 3 48579772998579407412648807993652376656569133143998
64 2 2999225008890965671390087238531868313354703903649857674
64 1 -41420625857414719777092837948194374730663355025987518522172
64 0 538636616824017610288394013080295244364686112633856740525615541
63 6 7568093956912076842139374580
63 5 -3102396536198821047786503491098186163
63 4 16678850474874564421828903542919171842096813
63 3 25762055887722856300291335761497711642319872132427
63 2 749713813980841268618947129005548035581076831902349220
63 1 -9146693379639477801788646249226701509685484258179342010240
63 0 169564215125166692824722798005022211384004227931919093634439824
62 6 -1189924285495943251400797560
62 5 -764352138951154574801177061361045730
62 4 3091072706265374684155877502570011096156678
62 3 10703401572860857848777460492521383771369617438802
62 2 107366443852983063581723822290931860189208331867680024
62 1 -1470932566151559742386049650991180250995016340857599505044
62 0 51837726926465731815265956891215099735583761985530688006161772
61 6 -1477481437784824319668410200
61 5 225739756236348956059537068097045827
61 4 94970950810040783507157555341711542530218
61 3 3753877699372407821706581873129195235873677710388
61 2 -27505451696511762513879544817165651006461079762641262
61 1 -49142050197375596174161153678318191180889750173433040998
61 0 15441885275962658163749918607677615683295439693412044906472944
60 6 -41266144792995194790408691
60 5 133064843270847998238464900434735368
60 4 -5923919457051646290585342913727318995976
60 3 1136564376214141996045516084728741973443909635317
60 2 -32794582075924281987727697568095647987486416620457999
60 1 75641983392496092543097145627397547189572597701834936132
60 0 4491620573128220601696615274140933222024862186101483138383100
59 6 224719237714856678923399640
59 5 -723811313210309555570969737856164
59 4 76985387209967035938892872872493696691121
59 3 295403912776164759658961823459796959369569855697
59 2 -18387937991349294003458307387986709477398236664847554
59 1 32354836298821801599085166203339347414095825842719164710
59 0 1275598508369965435785647749274084170032600228247360620953112
58 6 38411794086291680283822580
58 5 -14656813818848813083482660437113606
58 4 53998119377754056602773550215560279370655
58 3 62226450110440271674975933160248596058096740064
58 2 -8022184645171562843007312963344738524192801335745109
58 1 5327128757811931858960925923351918623075323101444465684
58 0 352828337614018066650058574649456072754948010263746993041568
57 6 -27201171196451958192808360
57 5 -2508125201762658926434203969202845
57 4 20264304472659278588198824474742198594626
57 3 7856894064355275878679724356332232100972842877
57 2 -2983420256692907692700504392935383080486553519343626
57 1 -2070816118004114490752164184344598699246010125797834204
57 0 94663850950946581493881158228955105442948183700445546162880
56 6 -8840331960355704580781685
56 5 1053766959726549378007667154472183
56 4 5399154720991338526825091046391525994425
56 3 -1421069001503435200344576982879840644024997218
56 2 -969709403987520259841834623461296431390797739254940
56 1 -2312190339100813237309327118583410581951367245403292608
56 0 24534249140243312060322673386305054484536804705564062327446
55 6 2529515610458703917258936
55 5 420123233838913856245096889629284
55 4 1332549592680437577814364942833372593394
55 3 -1577629647959258989639890262979746998629542892
55 2 -274330192719730964409728970830165820286839137282682
55 1 -1295622416852851457615699116247794223284274976458389536
55 0 6126955680398462112865387626069251536011266273398067827728
54 6 1421921440563247876882240
54 5 -30349994180677459257181034631107
54 4 427383558223814352900905057806025776694
54 3 -761747529100954124031299644716477501245508506
54 2 -64924692539101533998366328013715196622669988327172
54 1 -563650845235433626128704928179021634266844371221996008
54 0 1474968956136217167434977969868655934278273556145805630576
53 6 -151110178939045971961940
53 5 -42577651102992186729124248112350
53 4 167139390694540350541803859824903309405
53 3 -277130278683165789658217180657544831075676285
53 2 -11051141241913784555596715861986471315938889846404
53 1 -209254566662932735738187130518155976876670441388189192
53 0 343401189379047847826059610049991646808217899167153760624
52 6 -182114943826983599118180
52 5 -3977005641312538881227680508945
52 4 60802588237285265692408122823263609124
52 3 -82291502184203164485308639375262181442911193
52 2 -162549924151160052218975279372063313838051288550
52 1 -68595906932654397901870938159028422161314650929554516
52 0 77601306351354771777988861383970045143439591601172303126
51 6 -1357890090847775658680
51 5 2909153054881815998523525419448
51 4 19207175613734719004782476069277156386
51 3 -20042635641720633155516706093028716998613401
51 2 941579154872492796655518506641644816458900723176
51 1 -20095717551002175307129816894495214358503510735992270
51 0 16996730538486204432420251130353453645141328820611190496
50 6 19322549048143988174502
50 5 741615929683364047724147645981
50 4 5596672421267148114849192076500160873
50 3 -3827795852508157849070120544436526685392890
50 2 542952701287853487881193070901468770840725736322
50 1 -5256058698873579335280658924058665775936785487246438
50 0 3559727919643616337018198417085079203987148445662503152
49 6 1889408826208449687960
49 5 -112475575955965394517785999974
49 4 1632807492024486189044335216177765495
49 3 -478308962676943520137406850786918095538572
49 2 215219135217010840547407458246916829703848897434
49 1 -1209958391558425817237641478279314723227063620928746
49 0 689792039302269272651779072515278320053899924111838840
48 6 -1715697982225042084620
48 5 -69123693204325031685783137554
48 4 488417139060678328018840339350975763
48 3 5578520142448968160288837849390045069981
48 2 69220103616778982116291513995443546101569224188
48 1 -235939723096753900072277548916886363677271840810508
48 0 115708949160435781200700668313538761301831115910490700
47 6 -315723428926452886820
47 5 -1868215176119444169554051027
47 4 144880179849861793991094414205539795
47 3 23256321289272615068163504500189846406849
47 2 18591872159755869725160472134705651489404974528
47 1 -34857328813552280628878421816614558155274862511604
47 0 14141553201235724195103657423204429258743674118761776
46 6 126451234906367687920
46 5 4214172140621849575993906965
46 4 41482417268722272799500152958014816
46 3 7217574566049111356843691022757046031160
46 2 4068832193400627965856374908302067264683987446
46 1 -2013040804751255281091428980678567540898173333364
46 0 189095776714243513373466901221322955557973598923868
45 6 35820509660480063064
45 5 664900031737230326792673106
45 4 11485829581291821770849331318923939
45 3 1127094130017992183787055980331245130835
45 2 649877194689283425143754949021504204270564826
45 1 984873093332470776634671953815570800067509419174
45 0 -574100735839268133870932434182876932698734711356432
44 6 -7494985530176054365
44 5 -160011864049923678135569178
44 4 3103931301225271929151607482524201
44 3 -53696087408987432086703822574034796200
44 2 37180175101137404011092255177720300874015498
44 1 496413748020290439458656541821795406212449765216
44 0 -230067206445525765921662706756018274191612620589138
43 6 -3197192962075390200
43 5 -56802255295295390926384599
43 4 817871223719238820734010467355351
43 3 -105440013237073796278051627184580101506
43 2 -21037187957327496706657751405419028643054066
43 1 146814144161034884734043719625005051104536989692
43 0 -64465669883280710035826977117653848631816808478472
42 6 326464751424731140
42 5 1118201660782479811699941
42 4 208962518929968364583065896913424
42 3 -44443084893537950733946178114553624611
42 2 -10295929491464375112644517750137185245029651
42 1 33133706941554378103209042611050947215813733858
42 0 -15868274291136227948727569767405108447985199493752
41 6 234145811033804280
41 5 2824853099437086212551797
41 4 51754518055766529572468686107705
41 3 -13687029124710061553844171165879121712
41 2 -2895774577556881373301147772556040978480334
41 1 5916394673183089596898979745017079102510070810
41 0 -3802841526422022516165069498812342408715222451080
40 6 -6900857258950161
40 5 268038003261277448526275
40 4 12441124159906141342532799883792
40 3 -3658810355775084496518850618972723998
40 2 -593205530189373833825389697322643158073825
40 1 801806888284955670013888090403984965264477440
40 0 -916623506566014021237917972890839888985662603318
39 6 -14240830097912600
39 5 -90586366998636638473214
39 4 2887200234120472757973415695571
39 3 -921432341203826298776064459724921967
39 2 -87337157757839685738114967895746271758730
39 1 69428213979529832636437819343355849182033692
39 0 -213344705603273688853580400229033977859906877168
38 6 -371238253627800
38 5 -21257079777269597967836
38 4 641264059835463928005059041708
38 3 -228427630478465620405122924895539766
38 2 -6697462199278420639037911958904700025740
38 1 791644156960908613849446373137255515497868
38 0 -44148712567602842045588587241558640635437721172
37 6 718121458524860
37 5 699243192683581996775
37 4 135916917885688032661113676644
37 3 -56298846733578461372459525883619369
37 2 878006923855784530899023320578221810618
37 1 -534038618621304037769105930202233864116278
37 0 -7209553249662949346751168972800139337229674944
36 6 52122669616160
36 5 702281374755558469092
36 4 27495256621243789877076983118
36 3 -13640642195890012247067308120272231
36 2 477556638542487797871353718969304671154
36 1 48632916080244323513851388017272370901556
36 0 -650099204677222422549436490832022120037278156
35 6 -29709397880552
35 5 33007816942273252417
35 4 5242626557765315758160331854
35 3 -3208393945603287915009279980595418
35 2 114235358286418956636928194109095003212
35 1 36678081595736396560165821058523918727682
35 0 93134113190499192226300542847051043990722776
34 6 -3413231008330
34 5 -20290436411842818130
34 4 910590231662178075190222748
34 3 -729249290869648633490602574077158
34 2 19669616823155681815824389896770427073
34 1 -336272131821577936626828201220279002268
34 0 62263490601392009114314061054740809465308568
33 6 990158041080
33 5 -3871729204963183154
33 4 137687072685712629852952814
33 3 -160104326231768121840482924543038
33 2 2660772269865011469805080567225664536
33 1 -4576999812538939146069292995374235562176
33 0 17858412153657845802797047136608726751351392
32 6 155389370435
32 5 -162008251807076571
32 4 17465729155790249029803257
32 3 -33784054867780613247151460314293
32 2 291611634889006878623576322550650516
32 1 -1968530186867300741399092974818523844456
32 0 3625231072343672346148042198728298543834386
31 6 -25877423780
31 5 12939141689338605
31 4 1851466765689354480494884
31 3 -6757842478126139101363811619799
31 2 27245442358445431907838498801897054
31 1 -505170120426414052246279518688617895928
31 0 546228227571747706083903373119882360729312
30 6 -5263577852
30 5 -6230962546084133
30 4 175788353037559287565242
30 3 -1256014091843592967142745200509
30 2 2613764382471637409567644495169838
30 1 -88810763009721460800121152792890152536
30 0 53607218042355685286483548203763801277760
29 6 509660060
29 5 -3240268668668343
29 4 16925535314115521118961
29 3 -212405821518014267370773849270
29 2 348647136396425001449396508765326
29 1 -9777225813969807622823251930893225560
29 0 108404996263348177527100945738530084096
28 6 133537885
28 5 -711169146952030
28 4 1569787018180241429718
28 3 -32082367406984729818731112721
28 2 60403190664789800116495210224315
28 1 -127995189063956603458934881404561080
28 0 -1358063069047169350101702153601663928091
27 6 -7102680
27 5 -89443149613168
27 4 102172278797448448530
27 3 -4261285466450406326107293154
27 2 10261089758403097774781597495971
27 1 219319773895186854445566066019669781
27 0 -364408907142523510351805590291378677056
26 6 -2482090
26 5 -4569461207662
26 4 5720713945565068026
26 3 -491135734184555317092368656
26 2 1535551893384987683448958188160
26 1 56798990088719673459007400301648041
26 0 -63678190503551559183045854357229869820
25 6 62400
25 5 115937408247
25 4 2205845326359260750
25 3 -48534870742156768507361814
25 2 188581932084093512947773320676
25 1 8729376760778357292634167644383049
25 0 -8406574882410160212874306541243970084
24 6 32110
24 5 -59772069434
24 4 720658733375393941
24 3 -4066278188852020600562847
24 2 11676217126797710984827348407
24 1 908814894616313845579684947015396
24 0 -835193833818304452148118495966903214
23 6 -260
23 5 -18935133752
23 4 136145965606631083
23 3 -285148275605160584512328
23 2 -3184754989462674115569937101
23 1 57040288647069968142406124036760
23 0 -53077774154120635374987396061261056
22 6 -260
22 5 -302654312
22 4 17754675500257054
22 3 -16338240920861094583893
22 2 -1593917346778019024575088482
22 1 422528412492018431058165368830
22 0 284305614709049245009761234802494
21 5 316529576
21 4 1803770363608911
21 3 -717480424048381505354
21 2 -421743471014847514578976026
21 1 -246400951179954998323157480349
21 0 644641342044303216670968713520440
20 6 1
20 5 15952123
20 4 154004350733221
20 3 -21438453759756109038
20 2 -82113688492547584986864737
20 1 7532008419299970226299197280
20 0 104906924221478438064451263740211
19 5 -3954716
19 4 11321243399951
19 3 -832773732650001642
19 2 -12606262158915890152309977
19 1 9894629230282821957418995088
19 0 10540757375482496938290349295676
18 5 -309587
18 4 722115124197
18 3 -128840087284745361
18 2 -1560475727419487263615324
18 1 2049767310944922661716190914
18 0 674785162568762101833874037724
17 5 29978
17 4 35772677701
17 3 -7730893766570350
17 2 -156604125842015350790692
17 1 269964162317396400136166729
17 0 12486148432860943889616255396
16 5 3068
16 4 -182891033
16 3 1694496692469409
16 2 -12689204606018298251928
16 1 26656171265646805558668731
16 0 -3196522681530327161448974169
15 5 -104
15 4 -196722293
15 3 436819214035114
15 2 -820296695851144251038
15 1 2086723476022890223960714
15 0 -489546046698010852294523608
14 5 -13
14 4 9680216
14 3 55611198340674
14 2 -41471039966044698659
14 1 132472381726540408686184
14 0 -40033802091034105679018550
13 4 3355599
13 3 5610960854525
13 2 -1593033581947896861
13 1 6862625996398276784031
13 0 -1952119791813278051827080
12 4 -76011
12 3 506663419927
12 2 -44865515650524017
12 1 288191209977138146488
12 0 -20592417339368938701021
11 4 -39039
11 3 36273035733
11 2 -909934890393547
11 1 9602082976343854628
11 0 5961261608827333104852
10 4 286
10 3 1702150660
10 2 -15202230091410
10 1 243715158004724318
10 0 633530225309441865852
9 4 286
9 3 42524481
9 2 -334492136903
9 1 4424043456587039
9 0 37820989640739948988
8 3 388909
8 2 -9858949817
8 1 51565216886712
8 0 1538401661820647187
7 4 -1
7 3 1548
7 2 -219901610
7 1 40856561106
7 0 43448832921847272
6 3 12
6 2 -1950882
6 1 -32634032904
6 0 821243431732470
5 3 5
5 2 -11482
5 1 -1688535441
5 0 9765975370608
4 2 -306
4 1 -42728177
4 0 72529758618
3 1 -393169
3 0 336292492
2 2 1
2 1 -1489
2 0 947748
1 1 -2
1 0 1488
0 0 1
# param: 2_5_13_1
# height: 239
