105 m
192 8
192 0 1
191 0 120
190 1 3
190 0 5148
189 2 -1
189 1 1845
189 0 -116096
188 2 -117
188 1 195862
188 0 -23202594
187 2 -7006
187 1 10738323
187 0 -1078254696
186 3 -5
186 2 -274376
186 1 422708505
186 0 -11982418840
185 3 -580
185 2 -7595691
185 1 14377837888
185 0 1161633899400
184 4 1
184 3 -37432
184 2 -148615425
184 1 453570749600
184 0 71901803516373
183 4 112
183 3 -1727136
183 2 -1549411311
183 1 12976059477223
183 0 1922431375768392
182 4 6406
182 3 -61561822
182 2 26806466113
182 1 322456619180123
182 0 13046508958942968
181 4 248876
181 3 -1801578009
181 2 2164031002846
181 1 6772184580020396
181 0 -1077903797073345240
180 5 7
180 4 7346142
180 3 -46115005180
180 2 79719628548873
180 1 117191526976637324
180 0 -54089101264019153970
179 5 768
179 4 174392260
179 3 -1080525863900
179 2 2248426354324924
179 1 1558830536301693367
179 0 -1499316881447058140304
178 5 43196
178 4 3440001721
178 3 -23479927497426
178 2 53746728602959935
178 1 11197199510046807312
178 0 -29472651494710486561356
177 6 -1
177 5 1660247
177 4 57225548231
177 3 -468330193439151
177 2 1133894431439169446
177 1 -164523818656808251595
177 0 -428096842049223322702088
176 6 -105
176 5 49006015
176 4 792613314250
176 3 -8443854200894275
176 2 21551596077192485459
176 1 -9177575615707334292232
176 0 -4298022272782329565393230
175 6 -5670
175 5 1182726193
175 4 8431893646033
175 3 -136090372816494474
175 2 372717012113793724559
175 1 -243883243676773440898134
175 0 -17603093051940104237191752
174 6 -209195
174 5 24291771176
174 4 43978612276451
174 3 -1945489236929986479
174 2 5880155670782555902629
174 1 -4913332344030838748014505
174 0 358643131303140833756715436
173 6 -5914440
173 5 437659078671
173 4 -797077903689922
173 3 -24415239909154289105
173 2 84407379461651053955272
173 1 -82000630233283355162024257
173 0 10233187754302321094420370384
172 6 -136319421
172 5 7096621900799
172 4 -32355869690390223
172 3 -262759882181289907402
172 2 1095581687662715078738552
172 1 -1169132545027915130206266866
172 0 151720633048984161548142209658
171 6 -2662104410
171 5 105831566336074
171 4 -707822133130647563
171 3 -2273116092128093361860
171 2 12737612592739139077549805
171 1 -14431015302190610869178207117
171 0 1537307233602345722721302415880
170 6 -45215388975
170 5 1475725165725763
170 4 -12237478160278707789
170 3 -12183870194863960074058
170 2 130806605100702440361388874
170 1 -155178051042727466934182867085
170 0 9667277378077278588856744424616
169 6 -680662918950
169 5 19445386850016752
169 4 -183077741766917132161
169 3 54720550285444830973662
169 2 1158527013091363901763890896
169 1 -1458163286251299448125298628114
169 0 -2552173158691598844759424472760
168 6 -9211268039785
168 5 243417137258056221
168 4 -2464045488078291323642
168 3 2843321471071622572847255
168 2 8407185580461535719349576996
168 1 -12009474193458979216121863527348
168 0 -1052282285111320090922535051667625
167 6 -113299467102402
167 5 2900195061271678591
167 4 -30476834203494883065086
167 3 53195777517614328187618813
167 2 42561224722534405061977826176
167 1 -87449630592553048059995447298311
167 0 -17076176020978637935122975416113464
166 6 -1277799110536725
166 5 32901975258184754179
166 4 -350874510180569665121152
166 3 754166433569784779991601033
166 2 11615794499839876314648722349
166 1 -579038416658149183121812518540445
166 0 -177199928502862001500625095548930600
165 6 -13308058359166760
165 5 355475563747553676898
165 4 -3789197983206072256430369
165 3 9115378543916107622302036380
165 2 -3153048467904491856018195836531
165 1 -3742755865416992763209080575413994
165 0 -1300373598585098323163321727249444552
164 6 -128746959237683115
164 5 3658956452990726941071
164 4 -38555094585515520637716492
164 3 98013791747187588720054424707
164 2 -51074628872404950443146708445861
164 1 -26367890174611823488245537036869376
164 0 -5562531389199956356529023546254244326
163 6 -1162696725293701740
163 5 35901517098943734100783
163 4 -370499810903194304586687064
163 3 957485254496131651892796477172
163 2 -577158347078907408709644711373985
163 1 -212132251002051067446551390578061217
163 0 14665311595846288267799609072424349536
162 6 -9842659394250001249
162 5 335995670817271209962921
162 4 -3366812683443639916962753150
162 3 8608463594486714189599781429847
162 2 -5486093815913208096541212971777310
162 1 -1779112513984137661994465472857976538
162 0 591800295616558844398338946577909769156
161 6 -78382938470772934635
161 5 3000767108407223285853033
161 4 -28957192492532587498436691370
161 3 71924074836915749567187832672331
161 2 -46847708895068242180293784601487479
161 1 -13639165080145549391574432814681515813
161 0 7229435360262840159364420606027243380600
160 6 -589014745412865809520
160 5 25583707068613391322618037
160 4 -235949202084329100699938817781
160 3 563217007810892731361265468809402
160 2 -372537969741389943711070118325373765
160 1 -85118977584961159708741949390396354644
160 0 61552804882302411574832157561578574038556
159 6 -4187762446857572808925
159 5 208277626573516397592935351
159 4 -1823806130546664323645363174602
159 3 4167619227617569160242518654434301
159 2 -2823532803509213187036930148730128474
159 1 -346865502209539322952881781381076444652
159 0 399678687084304563451892622302025698064056
158 6 -28235605330402342716165
158 5 1619480788987365446553994254
158 4 -13397299097725012375018377828613
158 3 29374622941760074481038757832928777
158 2 -20684702479755921622260072689074321609
158 1 354122094476843012042697569860288758311
158 0 1883777444998314986279857919397900753903324
157 6 -180906608536146790153941
157 5 12030597521878952409069410376
157 4 -93739894656563820993285156264686
157 3 198656348660741035873345884677722055
157 2 -147266844074735603617007480779817976457
157 1 24645257596033386901352226862260311914009
157 0 4196460740020874356970714131689769842933600
156 6 -1103393642342848504711580
156 5 85415497649921040052888154246
156 4 -626426064700434858235261865664089
156 3 1296725646799169105281356845953187493
156 2 -1017159612822524867850197618331858553865
156 1 306515401911408005070658338816749448049718
156 0 -30185555420257105020422374639719990130508170
155 6 -6416671499284305176681085
155 5 579864439161981727884263320822
155 4 -4010020893804517498314447194826710
155 3 8201456824529879875701585835767749059
155 2 -6773804593488370808982459644265686087856
155 1 2720306426363062931463297501437582860590363
155 0 -481481922115401856992377490603829880492604168
154 6 -35628464758988485170789975
154 5 3766164891894161961098848432026
154 4 -24665880310697595793700793358782235
154 3 50342638172767985760842345576513746234
154 2 -43179928795668343503065170636965754270192
154 1 19982733935569062793128316899665905446281373
154 0 -3885146218407272846674549456989890247361912152
153 6 -189115474350063494387589050
153 5 23416998006433693649438546066593
153 4 -146224486504783012901878545045515154
153 3 299834195921981803905533564768334973626
153 2 -261922684987479854849358589095145649734789
153 1 127859966296577486436156346205877052662777748
153 0 -22592068776402882496794497560060883115844430008
152 6 -960666230086490134676333907
152 5 139483122176095737147445612576704
152 4 -837685443662941999537952324967390511
152 3 1730502146165959470738861839215447728646
152 2 -1507055578843869459707667270177772294744873
152 1 729785531110630055228926263676593194743761716
152 0 -95431985398683508723285235224250273982376079943
151 6 -4674673775486287984305981345
151 5 796495977936585231150310797389499
151 4 -4647509242327457357644270142369239853
151 3 9664648663605133967635008927070750625523
151 2 -8226412745110505634544103121430674131541263
151 1 3760079115492654325948300977237977171943581587
151 0 -219347941227993572071079303510617961612492377080
150 6 -21808808723145592698055461480
150 5 4363490515658367845888532689660228
150 4 -25008922505107168590919046312663690367
150 3 52181636609275507999247674749655440808407
150 2 -42752435865835887701260908686468809680431688
150 1 17560260338795702473458573659064720666414250263
150 0 707910624186711275320310884327624949693160825272
149 6 -97619925452346573351719210490
149 5 22950187839275001055126301973247556
149 4 -130633731718113351630378825898637339284
149 3 272343576854970673296011475121117539604973
149 2 -212943720480188332286946347475754723176043832
149 1 74066664112775219434312728552393302130936168840
149 0 12233021748097065829448042551219049313811184576712
148 6 -419521806415046378352911799750
148 5 115969380799079178221639112919902923
148 4 -662468060981622249144019078547817491830
148 3 1374973961240416610964534406227392884693445
148 2 -1025416351512154330004999312284264447265553004
148 1 277915178151158267404914597779986765012992026904
148 0 88210434292093233883309935211138581421601240209638
147 6 -1731916185032793151448783196939
147 5 563369799477722118006567432235334348
147 4 -3260297211437782576980181953384412118177
147 3 6724095539424845910318313964897858618960433
147 2 -4816068855483936490779405195884773959440520244
147 1 891938750467835720643853891256201973522287615159
147 0 450703281964772449747101046504520666494236484296720
146 6 -6871763788680788119322191412085
146 5 2632733321180013354657574835953943423
146 4 -15560100290619197970822674858522737724828
146 3 31905197122808165751356107503775577371939667
146 2 -22204503805083725079382916566051332056407903566
146 1 2178359580903423995707973258376898836505455938728
146 0 1696011186205762302688279881882208493965080429719220
145 6 -26215607180880712693900032995505
145 5 11842207675383211809098405963427522670
145 4 -71951233574103954016785494989122577578022
145 3 147130553619435688208706817747271096896168818
145 2 -100727816126326278586486301199599312584247066186
145 1 1900931157995935548422008822806754268148357665857
145 0 3849379230289428574446154445548602565986096332013624
144 6 -96195337764059898696054725681420
144 5 51297774043257863024310322754087496693
144 4 -322061996649241526682994636735041355786914
144 3 660325852979231265706432822517368446472926615
144 2 -448857753670701541432832920584059277820003110364
144 1 -20182060700120369224836301773168949200293143292088
144 0 -4735691820086992822217523008704173780558243721954854
143 6 -339605861027652752934457348592685
143 5 214096477115187532410361644738546635873
143 4 -1394341254472412915978738397611550031197209
143 3 2886769520917144471159650573866943453564747944
143 2 -1958043431531288687853814827270888741462959126909
143 1 -175271707074507960559815174066108761502884476337818
143 0 -111479976126642269858842726526529500141719907289029736
142 6 -1153777856213900608599567851485665
142 5 861287864505903219204846248839888738759
142 4 -5835250706065112401142130074411627471804124
142 3 12296633722665284534590287581492315969865760725
142 2 -8340360185481772403112387092955885819951232635627
142 1 -954162996358640580781546281820032685115442368424517
142 0 -745822009290315729879174456242796364444901906019729924
141 6 -3772849167240413732836384440432775
141 5 3340992737849528406887091438694347421181
141 4 -23595904580296069282722027857273550717669092
141 3 51019431129337976393690824800930636773789895531
141 2 -34694736063627454387236565065553846168719900366284
141 1 -4206121409128087978752521213970948452233408869192705
141 0 -3487898497404374288640201843930644528265610970270517200
140 6 -11875938673555407796478061262923330
140 5 12500585125413918196773228626170412328333
140 4 -92176476093028272910898016867703611048048210
140 3 206004912020030459311175459837516270441401490506
140 2 -141369719234162563798222197001330076677090816468409
140 1 -15836341011843038780072389615965299305120818495892974
140 0 -12464747583562462464029121611729740294646112966432833190
139 6 -35987064026700518002476638460677160
139 5 45126479005938341862387991473934451152281
139 4 -347868351099257997001669599631925873721170854
139 3 808433236562231827396640060072625183908458677587
139 2 -566679996770175646907799669902230902269280582466839
139 1 -50071050550503660473952064543511816180594898121921481
139 0 -31913675188881912316362117526285664181825708523838971128
138 6 -104981326960437207532710340367759960
138 5 157209207584079618007164645223605727434879
138 4 -1268519444172582778233651300308672901572026572
138 3 3078553566098439632612305280776383596381156376117
138 2 -2241795589750700891869687239193171232061038787659727
138 1 -115088137511175714414919330296928852683233471771975825
138 0 -31916287398821635019894275848700591333127309219317009272
137 6 -294816144578618757865010886960445278
137 5 528628377516841169200380766738888145628289
137 4 -4470915170169225852764950985642241121849296718
137 3 11356500664609130107767389638509457290606934246094
137 2 -8751956218634574264096326486543261216612386103433632
137 1 -17233875242372734949673819685517748170892368170591598
137 0 232006088786663567764792401969258560320827313777310853480
136 6 -796948360938015370189590773485268400
136 5 1715978516364767582016610572777727197327205
136 4 -15236226709425377004071200855278782801708667487
136 3 40514579105426401449601936124105226880764419874594
136 2 -33586091927224876696570302776814052679887568713199589
136 1 1959481390117112353876742718667036494244490451808747112
136 0 1889594747292359826456489181148509945640161563549154220895
135 6 -2073457754037041854783153466203925295
135 5 5377844958024467670661546139231310819123432
135 4 -50225111012783126281900897718336892258362462266
135 3 139570993618402087701874733425391561714935373099893
135 2 -125850164349257983005158057693331021234749828105851814
135 1 16056339311679737996640471457051102011511027324968892425
135 0 8819852697995175178605903196436194155019366488794636543784
134 6 -5191265706942910992953742821044284735
134 5 16273089588580343896662811041135945706896820
134 4 -160216160729139098172269689684834522743091685119
134 3 463733449979440374266033059938184588939045130962672
134 2 -456993203343527146127799402389946338694164023610480548
134 1 92849671893626983084805926073281391342983471067990720083
134 0 31010102555160461501610550035270945565713043038166367246616
133 6 -12504669689321600038730859197791436655
133 5 47545791863881666684565940453836470878423737
133 4 -494762256381528688867880178456696292579881195740
133 3 1484791070414106005225997953862432768378772645752559
133 2 -1597218220966285040645334813930790414347834372238749179
133 1 450577783452741223101673468867923711852613908338262990906
133 0 84006021323043510016630754285775844230873242204659634672184
132 6 -28972169062719861836803437128196200942
132 5 134132769010714727247459562749930589586290206
132 4 -1479537549857682014295324359976897460124394642626
132 3 4579362629145630432613713609568610230657988362259211
132 2 -5344483498523352867377600818370037565644739447908472747
132 1 1929339695888796749881645160326551916761238281577353332928
132 0 152684406362506412811150091043538302530670514606858279453866
131 6 -64546062345729791257699000020956195220
131 5 365363131131065567833334789375399734463887037
131 4 -4285411301215608758202467171592478738127449009620
131 3 13604969866141459351010544777551306035440440168048428
131 2 -17057263702910995519384916958559230724086876791787071887
131 1 7440275134891274495219052351991613561880580682041202299891
131 0 2271204798627462494175822185353288279925933780458881830400
130 6 -138226042491990551212005973747589613270
130 5 960846843259989365946665990446694225661100556
130 4 -12024140285093271445996995848909064496301454314098
130 3 38952115865449414737417333664813276640132749060773992
130 2 -51798170276849418752136281363345396798291086786440375238
130 1 26094512007673742726169212135242147299747658674663861967562
130 0 -1488427293709895954930117884710674868435556018793180238126540
129 6 -284429147345714843778182034817160263545
129 5 2439396911109761835349181453122460920065598831
129 4 -32683557416473968621666672869629587349505633405111
129 3 107556628045360851007676648808743245760202708536097067
129 2 -149437516626628707222917402189146122239437230745272441625
129 1 83627386431502906892542135881062384099702397876620106848275
129 0 -8140297109072524895164913498993420950006570203916624186324968
128 6 -562129559820000788434805483108278598895
128 5 5977998391202546896214400706320855131335783169
128 4 -86060239373800191479482349548465970033948434430420
128 3 286705166651453045573744932932600984748522630854346506
128 2 -409201719504064400540540485541618398266941820729813790293
128 1 245298132413013678523913600225298495726064282221291585035264
128 0 -30187567162547580395883218152666203628964998765681008149312232
127 6 -1066527429064156418064590346825894581715
127 5 14138634804444080239952930716636746947877631347
127 4 -219498043307989364798802038736069000598549597835434
127 3 738515393216586433448083973514023389134037836028798509
127 2 -1062887542460229879715150971976321235958607936480672587054
127 1 657822496989675462968477857811990796362179835690055285106952
127 0 -88603866294378383502109214381831835607975444153036078607323560
126 6 -1941588397782143239408298768400720143705
126 5 32266973445921974311123413829661811074382931939
126 4 -542190749911712206877640603157247183456143962316432
126 3 1839812585248375667889321642007464868845587445658572818
126 2 -2617737511007591552381879768291429716250307102845292353238
126 1 1605632808578080883889533098622817247747341265730577768047471
126 0 -208858212604714747913510413351979105532314465304144353963752980
125 6 -3389604332688295759990497423233906694843
125 5 71042188773311900567781790992409662686127226913
125 4 -1296868062249430510833820565210020447230544003927828
125 3 4435007709938751988510135211194139405139947027901056555
125 2 -6110849309038427011574411277184823216919936794376994627899
125 1 3531532095651135632037389772292920303791921653307222166484513
125 0 -361726335462066251118143509535327197110186020669989185412481856
124 7 -105
124 6 -5671336790875348328903297766957834310112
124 5 150861281822815414019810105143730403723602826749
124 4 -3003231058731732407958509721215114010747560209300716
124 3 10345057371612768299079358227328265933368171392715141592
124 2 -13515967378021763698408205606472848111438684809527925453360
124 1 6851938423639865694355832974602341975210105479030970471656938
124 0 -231934560124149053221828359479340500365561291155949686444123114
123 7 -53585
123 6 -9088346611577853416801185966699340244079
123 5 308906128489523113013521716139499176627475743770
123 4 -6732271781081072996972718461185427477752827180104120
123 3 23338213032380382457817853708174208894704774631987045947
123 2 -28307657692632968356421449259453834949812716524377896765580
123 1 11146019977693237598865618187350500384015983475957473758934711
123 0 1456960570170816096712800806521732096800370844968484161288974904
122 7 -9100896
122 6 -13939463083080268217162261496482404130968
122 5 609725697369257608446535134665111259198083823596
122 4 -14606680616944070524049200691495581163136814511129039
122 3 50868779536320381135149357624409740415337077590460521597
122 2 -56073204143323645075964031308372140986927937000899897061961
122 1 12863275554065102340685039921270154884052946743472911959579217
122 0 8565213899517523378147955197031769429879805346786836833091465896
121 7 -795453030
121 6 -20447852059643460603804882415793471565650
121 5 1159743382809531222604199769763603419282243678423
121 4 -30669134776479623347305691922417544256505346619715199
121 3 106965434478158788598359391772202852058183537312334309941
121 2 -104778779082337297501887535706130874624786542417044609943269
121 1 57105126695764130676002693980189226202018742545727313909832
121 0 30821197845287047194783047911346641197057362320389213779201317800
120 7 -43098134135
120 6 -28664765711483697459275330839290217700441
120 5 2124991919319184195357482984243191913129887064110
120 4 -62309970076174912038731164203431822784922949643802240
120 3 216596396081397414580894030900749669292989938595767359527
120 2 -183640164488832983096126378817887367999753317677803063140180
120 1 -58173964952957649124412136018043032802489589629860287999174492
120 0 89325111411841016809561105658876977420868092008877817497485281305
119 7 -1604792296380
119 6 -38369512603608496369129367421699312971060
119 5 3749364672671327569140025252032908151740317195623
119 4 -122479341204310837913492992663894516316035284026852693
119 3 421465026912688671824742235084327436870317119086394834483
119 2 -298067733378679219554161237447054166840142192833532191421455
119 1 -230964186678066200958166269153198480926574132246779369259419821
119 0 223580375015657582166537817039732773795742438427249422493306602152
118 7 -43836862381305
118 6 -48998051101350896461059286985933165416586
118 5 6367790666897917070244699207835453938615968704050
118 4 -232890117799718318158889367519866419117611922897709306
118 3 786225087031617335564806532411294181715256334362793424508
118 2 -434968159236170596433447519257179830954298327839245064019092
118 1 -659087812558975084357960793422669717159211534523830094331189925
118 0 495964687503186286560201792504165028406278499104394996558880517848
117 7 -918680968423099
117 6 -59637925242063891739314186817982785648858
117 5 10405548892800418786925798657001389674935195978245
117 4 -428290990677113327592310316331029712107028966546863595
117 3 1402265031088106920053873349645631219285388205133987791614
117 2 -526408469037351220425573804149009024590740535268936419351292
117 1 -1612459009791389393417756123412590996501108872401466987976051156
117 0 983220778700476547542984830400467673090767265095487382408825753992
116 7 -15257486611136910
116 6 -69118278913819256370090576709903751155311
116 5 16352705854587798446032780750993607116330760004870
116 4 -761587465415641153789939656929322508923155568614376051
116 3 2383360228776835108978191560982394675440351443585537584012
116 2 -368788133763467547868906168666494449113944931855902565652141
116 1 -3591939644292999362984196813812385444991045406004784971950391420
116 0 1736232058961591398967671097097725696114290075489668912561486692310
115 7 -205782413347469175
115 6 -76198112175978787781565289179430384735812
115 5 24703298275491778228641142821233888336478389053923
115 4 -1309057389410331065203992881040819831184281159744428884
115 3 3843899770736766498293914124820176344135961354447373412373
115 2 541135893023448589428774050332485313305359972018707367100444
115 1 -7515123055519746044490730820011579676601538285100710714911788981
115 0 2683981062168846538777424637960133197833027869030265991011654433840
114 7 -2297053752463487065
114 6 -79819558873818999877886081019992741848381
114 5 35854387371227561660554955896156129822768060719512
114 4 -2174152837356249458031993203072698988917541219367969132
114 3 5847005386412035333607455566878968267309931702150228340227
114 2 3309893262579404746847652146671247919357686667228121067190357
114 1 -15054446267342748846446662954882592564754418846141508041948647960
114 0 3465775549883792360619589077167023833724950222593301067691917029604
113 7 -21542443414688637315
113 6 -79359660915456291001780504637144701842083
113 5 49971487543138327535637707414049267561854179197597
113 4 -3487529972575983916370242503447096436717858547468258976
113 3 8308421392012105026807079810823698354626508360855142360434
113 2 10159006789714851544785682042699267336605662633401979703741762
113 1 -29223517308565040804105827455062666181246799032676581172228911647
113 0 3212141045839654546355443579716158780384777424066582382977693382296
112 7 -171805146262809635373
112 6 -74800743392387909600809161376638775111443
112 5 66842815515355889600194277184039323210168234914739
112 4 -5400308328838251120078205532203404314920647730245734262
112 3 10844895517240131076955763170397084994494427783428662575987
112 2 25206048677277405768340704983950588751159139862225876637272307
112 1 -55306020170137442771987055291105695673003261266961214124401584124
112 0 369126875620195057232576344966245913162462547134755916807989995514
111 7 -1176748788623615796400
111 6 -66756997384211238889094740101868682501079
111 5 85760834900777026717714199721399694527717287921051
111 4 -8067609459173487884729342348549857366861717464296073880
111 3 12565112335768668638606291090151572423533813545322407680918
111 2 55536892028698467988174479879069964907121533643775404153354017
111 1 -102145726077043203790107773405936116788517484849985151098452567622
111 0 -7238132183287116388091998913332678791894881599053573409042666151080
110 7 -6978614346819984907080
110 6 -56340508151329036444415503144087442467974
110 5 105478508308434747789124594562171873152346618923685
110 4 -11620696176904847306935718007839320232113961392313426454
110 3 11818157963052665550462495779787451212819563884320184920695
110 2 112514073039880482076368736980440976923304252939361471566216000
110 1 -183620671053838799240337065696642735599589602928876939283640786209
110 0 -21829512816917757979842096062963030953422803026461734159863513928580
109 7 -36075957230346853373085
109 6 -44906141577707476420696356709326045898845
109 5 124282021754411061079686363691318956917553708408677
109 4 -16128860764832383382946745162864877603960548795748401944
109 3 5937922687170585807065423809947238896724636780478184735820
109 2 213163089871062851583990992275592014939783557695044989578768844
109 1 -319802783597181322937802051967857024377320610082769847123093050605
109 0 -44348428648853086519708611888572163637725987767011528779744080977392
108 7 -163478511832627254820445
108 6 -33756693054685455134821609515720616502136
108 5 140197583348125163228325621939231197884488485364204
108 4 -21556386619482405066712393421835962829142908663310881898
108 3 -8951879458161072204497700921341105634880744806802584586755
108 2 381377723710232897676453245379737392897999552108700733957368799
108 1 -536936492913722368030065400132782730438614699481847717535232648750
108 0 -72421699405814264320871080606194577042662960137412221506907222442478
107 7 -652405913937947752018638
107 6 -23898595477908779920345758822192506132327
107 5 151310564239579686991708218136477134541597493078153
107 4 -27724425852047150905706795648808702441106661753755302248
107 3 -37984321591609476080614181838547555255702912599384798742173
107 2 648620850933566511853463432633190044729623068208051717468324311
107 1 -865148243245793023497734478620973373607083108382975663291097008401
107 0 -98143040462335457448825897415229210179093221128972068599911864659224
106 7 -2301775036027461738432885
106 6 -15911616456356654304480461633626286284693
106 5 156132522447070559836910079690934931838165938091528
106 4 -34290730936221678591030021798824576697912332744362253602
106 3 -87347734683908776064325872145971512027055144559363525049442
106 2 1053786936388429071767660273877107205249733158399028710349848305
106 1 -1332985707926825639384382463609575616517182547054610339895661822749
106 0 -106861099317837021615669549505797251466119592779683918243800960191160
105 7 -7202299849950722339232620
105 6 -9948092734447934401317114804443683362540
105 5 153922566889444863039851980894840311324627062645175
105 4 -40759836401679520080546660397661048085399631864999030288
105 3 -163744539393651132464387834107009060225552374927711580259083
105 2 1641923559060480418705013403237927688527225911722920094704187854
105 1 -1958684506348360594123709607165865250172713752767109839995006120954
105 0 -78566864997643077144605900981862173560035467957389048682973651811416
104 7 -20038195699350774484009905
104 6 -5831594870618764803456657598593262427330
104 5 144869225937957823863654851828928973016544730867563
104 4 -46531156849952915366949080582967136528913414907515242189
104 3 -273457444695984639416577650361739627538041310663308590192376
104 2 2461544906670186654222331833717199848115151774519320406106872611
104 1 -2739437215546076527872059555041426110433909018715710071553990201460
104 0 6811366214435599851479407351528781534095644282854045971363818125043
103 7 -49671874930017726136266285
103 6 -3200226139552497958923320103958636078824
103 5 130072657870819840174829050669767867718469667282930
103 4 -50982840164508064806472286401407659419922825723720221086
103 3 -421046830336313094311603741487967286382514906025169744265882
103 2 3560284497563094785535893661743205433667312171303202586377700570
103 1 -3641495752884405980177591538323881766379563751245075636134346210203
103 0 160223450109758537490565786403494394042420471994612954690597013769832
102 7 -109876519038118300072001719
102 6 -1641458710294055988109026581755697718816
102 5 111325407032457110176195358903351613152267198985372
102 4 -53577504477211366593463520641881102415225293355067255058
102 3 -607818183290700163564156269548181349252556686485397969120250
102 2 4978659947464753714800438872575950093220868983057134917723136783
102 1 -4594959445620109433205677651101726364490359996096480937893110700849
102 0 372655824030825338897181279911487226623649273184906138319963333252440
101 7 -217134734053429362625760445
101 6 -785655315406941508754671674885594498038
101 5 90751724662987351593487444722400434062838450893977
101 4 -53966262600907298614081066206698369163839076464775066348
101 3 -830334463037164811474418990959854921024278612403780434170082
101 2 6741871093513548625272295335301481731499512138047200515350564319
101 1 -5496836620400386416624695860297694345761457008416313466128482999050
101 0 607112859254828827319704039376287117617702105219199691626597116177240
100 7 -383613689359068955728837570
100 6 -350322819646366372935318545106070604718
100 5 70406631461623281655940185944292615331008115016520
100 4 -52063941852058800742267250616698656471713946895790156202
100 3 -1079364485424268685003947449397066550928253193956766676795386
100 2 8849973934344218639882283318510649075053900520013608191413716968
100 1 -6224052337690457794393819901890283574124514240389492656564793016324
100 0 798806473016701605413705009252994492455977675637661762639316392830946
99 7 -606095741557213551661142055
99 6 -145275440424524915366315438408986284318
99 5 51940754459749812289278622222677515239156710576305
99 4 -48073606644327487738347325294384488874431412422601335334
99 3 -1339695937201100410585670784946953294622983894894214649064262
99 2 11267546183659392474021875120232510741275739635464312291722331169
99 1 -6654872460808932367638780947383206353660730860297967411609241660285
99 0 867279631682772529319776136668501247086326342574591012127962925907104
98 7 -856347147649012087707522870
98 6 -55917686502189703215437644328248033371
98 5 36405696262734879049714879582947702476563667556750
98 4 -42451597914603487324112602652482796134419681777429199656
98 3 -1591145339145225186467863690896551199406049193770366495199122
98 2 13914966794397404788132070935451823734962740346979656979339836881
98 1 -6693838572108122942643348286882500880210200933479844223967206068590
98 0 739791408209888533299978175337433418539759439710347980150979405893236
97 7 -1081530252389394407439658917
97 6 -19910388624080930820322535324580367569
97 5 24222556931112547619891164016838731629429542385327
97 4 -35821160674542899848916047264893518288082523099143797928
97 3 -1810848838948224924321269906197842791643016253647649492571752
97 2 16664293535318811260230145105700263437548248982659949714646728519
97 1 -6293224655954358994023242663804275603256863361461557697487576369777
97 0 379593187002444551935221433244396111955456520628154004413004810084056
96 7 -1220015136517024983050046145
96 6 -6478646153465489151967315183872912809
96 5 15285384423576182894740761135502954816139388875494
96 4 -28857333625101835157298415016033713850271741447574993416
96 3 -1976562334231411924340814436735120910562868544983574046659790
96 2 19342891055612869229776800877612906020705052301921000716779771128
96 1 -5464370876505641313139228825187823252423937029225450433929366498256
96 0 -191544812327380515000106744467351640017863393286124143173737061990870
95 7 -1227784021402434859171124505
95 6 -1789660081730781402828372439133844671
95 5 9140035611227565528237648773407667215856060139245
95 4 -22172816774517325841196699454436718147072154685512348822
95 3 -2070345851314356231837041269955877207265599775541410176717664
95 2 21746966242127174591613710265140160712882185318888224520425723566
95 1 -4275200966317447007663357532503047439448474465270042193962541213820
95 0 -887315508757227626734529010052086436947701851415527825390858918369944
94 7 -1100599000049609467360693425
94 6 -169033746124648143206535396727904622
94 5 5174129404520193727070533246639869969594244202006
94 4 -16231742753969375950127768704893590144194536193471877684
94 3 -2081791912069789284789000759930224255517885451210588993187374
94 2 23664925517705927631174170723108019470406187055024377797766050890
94 1 -2834789368060786685571883571008431055734253100370118718282700268767
94 0 -1573033052418380049315565011003338055861637252211065697280028790424684
93 7 -877048206142040718643069605
93 6 508318818145469007934738593228589781
93 5 2770387885220257792251745716022136889618742713043
93 4 -11307341162274702144021787292073614915326862545992371924
93 3 -2009985714595352680252046125629611262145958984650851030602430
93 2 24907480194957348991156731317125153760967232998713271176011182263
93 1 -1270194740901700934949899223266837465711226451052449802499262504733
93 0 -2100950831811639981728462856089564778727330389243935152280347502865376
92 7 -619787975495505873862252650
92 6 958784334681814254697307974374537803
92 5 1401673343624891277080743903993594693680532133934
92 4 -7485098487742072282982128552448578014381698982871771260
92 3 -1863675619905344940688108282989159583290096548222074423273008
92 2 25338695212702094224991933748235267622801028857293216631098696753
92 1 296911828359432653695494759943407861339851827828645789382663225402
92 0 -2353275601484144140335563406414025584615867039556407899617529099057214
91 7 -387263818188082704593164860
91 6 1376965404514169961026076498672796023
91 5 669479849584056704074430763211021365058548384875
91 4 -4700619139209113568600389807202197384919019938442417432
91 3 -1659601217300344791450249957282161973445523585318776358206562
91 2 24900835224862553914846812096379635050417580499298259593759784916
91 1 1766989814163022835744246931363067728807445789965333638698540694505
91 0 -2277368091304148868587031633316948501297934284073031877866219500106840
90 7 -213199938113509891301976645
90 6 1769436018761325489354596222937525632
90 5 301568296545984401656047491035502563080435447720
90 4 -2794812596515484664320139158030026414196798066940595484
90 3 -1419415224194222476101838402761611686460634731545871701088083
90 2 23626650796928427381225054503481621722595901301514410800721896162
90 1 3069222778328408052906882538137810497660487389671140427583839330343
90 0 -1900197113249605650202236943668363179701121925991352224489936556145640
89 7 -102985007544046207521455955
89 6 2078579462622301278663672859761159290
89 5 127983579628750710077239784246138078910897195129
89 4 -1569188338259862626719578768444809253563052895054588248
89 3 -1165978586424056574166033026156624727355152312987694693133548
89 2 21635621716339440012209601431217654812164099600004002146746179765
89 1 4158802840447912110965315258536375689361147633710092394812732197868
89 0 -1317278477210579304126490802374083323273783872163635758588079806594408
88 7 -43434028968387093610936950
88 6 2239041798805866987540196391858919566
88 5 51120301379244256828439950051172301369727425727
88 4 -829175116300109523366269794639115952769094421544131508
88 3 -919899406679382522050462540526217249089764537293978097971344
88 2 19114757333621674157656870152097785854450068200778591306410664141
88 1 5009168464501025515645901552428353100701314329333810427950257242896
88 0 -661287364661723487056995160159122206769920605896609239879406067604717
87 7 -15901181596553266855767793
87 6 2212081759954586107392862873754063434
87 5 19197104026067809667155249851097870217051049281
87 4 -410401311168879028650797925728737621960227115074849640
87 3 -697018590626249838040145428851365879713191189651171932772094
87 2 16288480000765067226343841795388526341078596186104036788185128573
87 1 5604517160612038811955947100319050692107943776393979354343971238873
87 0 -62752204021455566111159096858747784575807733428010773649723298167336
86 7 -5018542707565470168468990
86 6 2003604762097129289694950970167911270
86 5 6769946105726346468429517747588768463001045759
86 4 -188932362564485847420678028447851437986301043144070656
86 3 -507203494030646185913504965778320079132996933142632361166878
86 2 13384599141338555368270326427083041569468183828362933579785419721
86 1 5936417675374969244520069670347434345128029274582438387359662873801
86 0 383209593830437413639354819034126690013505961553972032768192752337800
85 7 -1354271231217841163122665
85 6 1662751438695649376065310529584790930
85 5 2239170724296809591951494079175526344890361495
85 4 -79986835795954719534324138831522251220931445338064448
85 3 -354428630470672597692371671147403260398176068220016659943551
85 2 10603719524070351922755072603266449447520951880643303126486707560
85 1 6005333403957143102009219195501040247104741240717810323329959064952
85 0 634284298494470435344684136620938255110842411803856816813064900134296
84 7 -309402972602735585973385
84 6 1263295887486281789181132329660206922
84 5 693479441544972252448396970357550000067040675
84 4 -30514540378390520043939588276907363500106251399535918
84 3 -237823690568029655038374722113758052869128912895176276454946
84 2 8097725736063817100469134193140608134027551008014444542344306507
84 1 5824981622024136115881963292948589965426464588811386712343423537884
84 0 699912206456376883041781001460670546184944620371163603587737350110642
83 7 -59132278938960118605735
83 6 877867901349601285007737567483323126
83 5 200560520314278344420395456659620056363821921
83 4 -10047499213008193062509027259575813766154807724992344
83 3 -153224879519249215538475899602037568410954062202294135342716
83 2 5960027222923057813598325775012783048792422385039897182653258870
83 1 5426050004154204530647481286129487228147200301108093173793639794277
83 0 626089512427531773798652133979260787579926676064237593328645361139888
82 7 -9315193158764886949731
82 6 557320839621449097442196973903156524
82 5 53823871278509202087077637026445529237629260
82 4 -2526174201840570030711563786716089602625919468260507
82 3 -94780068784474078838737729610667837678792171994682652196050
82 2 4227106895622215673328598728099413371245432769845488385304336203
82 1 4856312578698052084920474961449835592576319223649595487930828121756
82 0 474109053781841311785934442631492521642078261878557136879376102774940
81 7 -1187390140009591848015
81 6 322816198860858122471493309203355612
81 5 13150069586788708677541776339493698463103426
81 4 -210826498702402083085120457190691765111537834322139
81 3 -56283612431536017717853920393638886336837455289992035446341
81 2 2888525253361877496353939272765851285937956017645009034890113028
81 1 4176077679373243278195579972422594733692351209681423154595868019035
81 0 301265068462502187816355957921573756846529398574024062744765672120040
80 7 -119606432063753658030
80 6 170337525746033053673163808286556900
80 5 2726559652549414328030645458482423174972512
80 4 278474568709244635315697457291197536467891763518973
80 3 -32083804586485795500124235057147315803942538002834891798323
80 2 1901394977494470818418373801324609837718967154840529955297311745
80 1 3450055202691767108428702332849281781540009078896858786928762202968
80 0 148644290735994597210411563794701212918302007167344513946334408392314
79 7 -9229529005664491680
79 6 81733834008340409612268180598278651
79 5 320218479930021149550502258188307874940819
79 4 254077164360800873821970499778834008906865212834305
79 3 -17554499066357609284729233993130566511114593279479129993256
79 2 1205461358347265988781308813646015583482475893967962209696776723
79 1 2738131319242303664961506231080202800801466424881552865285686086306
79 0 37284437409805661606262495907414996704663452705369655548452144534056
78 7 -523037748827022765
78 6 35591916967736163220609625287811590
78 5 -125719505734093028538520258071123726863330
78 4 149877539388278475981448751296855268232068926053407
78 3 -9218220411232306626771894895179104350223482449001057947779
78 2 735929831838020759616766402053807933093378663924882662293505281
78 1 2087718471057056049037932246235325254863493422006971818889940436157
78 0 -29080267082586688292235071764189598198275921079686854156770905244156
77 7 -20501035064464815
77 6 14033219754135977910688780767571581
77 5 -144435475126912978022341138794499535570230
77 4 73282151833964814283793575626515248168735058363962
77 3 -4645327412846517275990947806852881246988251508273013149199
77 2 432548471843881812433731070862329462415949675477412732314831626
77 1 1529481066444380502570010673172357181576958968194065152278305925025
77 0 -57883743108905848646251158504216475695112971529433521655848483995120
76 7 -507717159473265
76 6 4996656497152932107258431962874823
76 5 -94986727835501245385834931449793715220073
76 4 31764012812009400515817964492271173689005759310897
76 3 -2246193238408596071454643503998204661104647863843489902478
76 2 244713090173700440141250241268642636339444968622721053267319848
76 1 1076900307522454370401420419592246237874182843394438590417570654754
76 0 -61239034833375616903743046622942089268682021147800638913706800568330
75 7 -6844819032212
75 6 1601842476899189099143364084051259
75 5 -51892935066848024472955682344646758253357
75 4 12550293952615260251496314308777749355015015189969
75 3 -1042043731061939758108691801602207995105177534629361852126
75 2 133231861350038852113903604696580157646375992133257723987555085
75 1 728954504849285027448190482558895882202829349601317667983036925833
75 0 -51036615630379053211282703997833518012216849159061427649166919855368
74 7 -37877709798
74 6 460785497727269354427178576695001
74 5 -24891709185124412735080739995521198836251
74 4 4581869503544637435757367584323690909675166372505
74 3 -463739236763215365398681979788862294388961763490246644128
74 2 69789061484668842913799101138629564007894391466649131494499712
74 1 474539734059183270906384724941408954486693146682756079320989633589
74 0 -36290175052422212046195738538194504589406768711656581894271603013352
73 7 -42790901
73 6 118474975355889463222435207059234
73 5 -10467871774500704375648194920655888675515
73 4 1554768572134283828928131306377384040280912612837
73 3 -197945302932959263446215403674567173423508990965819670892
73 2 35163325882031343060314118762406142839457158393167818703018878
73 1 297204996380806964227005152825410062994220317249697555154493874262
73 0 -22440245925843381720049056157003226418991635199852912758321081675048
72 8 1
72 7 -5956
72 6 27106095660337829708205493494794
72 5 -3731234397044213548069468835507113203515
72 4 489780500159078900566552572847648067794600855058
72 3 -81026387777910280799074576265964387704826478693758186255
72 2 17037473369459871196936503180207505141636353527240100809623884
72 1 179150567506648049952171851431433534408310845392703873257994859860
72 0 -11886736104063381938054959332245239261765660789136468457973797546695
71 7 -18475
71 6 5490246301096501392320979562576
71 5 -1015826651468802221236425575854864783174
71 4 141323680836548343746904453146672401589509580004
71 3 -31800556561713349477952399945532314936254000600184028469
71 2 7936257887004557458668709457666720097805598401137851765223794
71 1 103973660253418489550010120395234732362658516743115425194403832047
71 0 -5010669277927266373294741846625837227014804117107645170818700714920
70 7 -552186
70 6 978642853076170605797492315235
70 5 -117236700976535763533085257329049378621
70 4 35684771525118472906476466389124435426142027996
70 3 -11963983481224074619016545593188506965530049449655204759
70 2 3553008952942271037711982230973692571187635951512984325427301
70 1 58120456794239554229617607227122713041079588222419184605115536673
70 0 -1167256435481905083237116318390560028978055683572196946447275076504
69 7 -6144188
69 6 152463070347402380631164829300
69 5 88262865348264163519883497208748086349
69 4 6605806340912873806034922610066312552915278453
69 3 -4313623050323005090068667571460961793793504579965742588
69 2 1528310017272174423432601894502881843992934325283473915783629
69 1 31302753028894432848015307400109739599655659066129314139758478006
69 0 597636471486058410150795974587809422672293719181835349954490544584
68 7 -35614960
68 6 20591850163390462585143708376
68 5 86622498769406116804957081303005030203
68 4 -166248728747191500858990902869520163801578436
68 3 -1490080618481738745888206147632801849924189385028343321
68 2 631413137587910078661058046253703715282025465613062922088121
68 1 16248704932861302374059827043991563878337091117147823569565234360
68 0 1148418593983135057299467266168978187244311217474833704310451596406
67 7 -124382173
67 6 2388106215814507099026607730
67 5 50171417449530199940659456502588913546
67 4 -1110925725471275925376644792200285270146040516
67 3 -492984071522831152007021176690845796544203514928628482
67 2 250460839561174846210860047599766950030929330102227611322279
67 1 8131274636746474602148544640022140799352478298900601346265177533
67 0 1108269056904021441570715728606108789873171440133153688454187748224
66 7 -283263294
66 6 235104403129010798363749640
66 5 23322639538436396868478517644020212863
66 4 -837843561646628653337207634089758470446946730
66 3 -156147815581775931659749789653854364419939775704829851
66 2 95347243836487349951260372172633814637771984621890483784668
66 1 3923812743543765668919795814898325992307796874684478279745840510
66 0 855085877970633021357994142775169160488458004546646274270228684300
65 7 -441225918
65 6 19376966029406075587007660
65 5 9397987410227895855457128533857687094
65 4 -481692957440872130158072904906114284458578382
65 3 -47325777009047012388251350337029487860933233907912757
65 2 34818724945759847848470323640376859642960213194356630477781
65 1 1826242361970244148038686652736364876467010985022860965966153773
65 0 580653450465890436001809165834175315454288457304693757820373713000
64 7 -484157233
64 6 1314346780905253144810775
64 5 3388790715989269637581007310494824292
64 4 -244524486951893183365403610232086690137758086
64 3 -13715845994917950419315167348528221154669595789092532
64 2 12190421044962030742856607030563733672851044379890387754169
64 1 819943972351315289507864843416469848488336891643002276239962484
64 0 360199900619469258669694315347677073978999822670665422372528415768
63 7 -380689939
63 6 71818127299475413399298
63 5 1111597903193065097984881349189447978
63 4 -114270839538549065060135411417418084616793902
63 3 -3797372206700963148174821581676435034912164847101583
63 2 4089340898623979911361718942889534384765919944761779688416
63 1 355177203144644134182800958914541564845197064050972132836284832
63 0 207965116015552966822455188236876879305572193534939659130102133032
62 7 -216023374
62 6 3075552172550720258807
62 5 334882521336414416924815752785244893
62 4 -49909200862012593768366448388127131831516029
62 3 -1002787200557221369251055152850570106869232245695425
62 2 1313402075856688247950792737990277054800476366013076799679
62 1 148451689377603344033022770149229128494946415527329128026957933
62 0 112968002458155158910971963247967044234210475025285215220005625940
61 7 -88267130
61 6 99536562729054448624
61 5 93196229102511409644490009233280279
61 4 -20495340062638819673804956914396236013151818
61 3 -251918862137579995517351610546350140321975390246701
61 2 403528184742198910727426230646156019523876654487057833183
61 1 59873281933391318192176835118727842455555088407777668814171983
61 0 58134844686004263599095293735286523418098460460677831655214047680
60 7 -25643870
60 6 2315467681868100248
60 5 24040650621949511693584502308258806
60 4 -7932256271350414303164767751362244800784789
60 3 -59919342593974650744701477642893493860640169156613
60 2 118475604235385663105870342381749974825758475023428361757
60 1 23302496159477270982856917554313853948001878469644499524947546
60 0 28476047516878948956465499139773539964563292353174173952703703306
59 7 -5160715
59 6 36093905325100610
59 5 5757993087474401688491395442875321
59 4 -2895889756596983051176959166376722755687314
59 3 -13369168824173755780278718924146039380885598657495
59 2 33198208818221160018371971910410478019956842747969400526
59 1 8751691048383525423298996129174795584718727716651520106728481
59 0 13321438359958212472001123782490538749181956643899240752523363784
58 7 -686740
58 6 435745302068246
58 5 1280939185235044420573101290978054
58 4 -997432718401964439780737637087584517173179
58 3 -2744186312248869980958220744752523241895533509434
58 2 8864666080573294402828788028665221399095585662315550042
58 1 3171652445412810417865892280071103716137374243900126457573235
58 0 5966779420079623394681406115106940530893140333144562957275609816
57 7 -55657
57 6 66367863978964
57 5 264485289703675311676387514883884
57 4 -324052681901276912185824542400563648508942
57 3 -494530760574264841971026988505707951950006617688
57 2 2251412284115681107864079704588650539730745867965069447
57 1 1109053562277527420562539030535339253765774277757669245803016
57 0 2563761174861034425040179242487081366828276317666967772261291224
56 7 -2345
56 6 31317360621425
56 5 50602790748017442337898405750361
56 4 -99264120075692989143281800639463802800900
56 3 -67365066511009330977813431829515946797658884646
56 2 542631360166020885650102491888051315613168326642554837
56 1 374151338241193524472344581398851448599257537931630109957964
56 0 1058304767931237731388480778886821080138988224353462862743080575
55 7 -35
55 6 11056638335895
55 5 8949091579369671152694947692931
55 4 -28651664080461211547555824989028431711461
55 3 -1268292141288352891693815522744422285198109209
55 2 123784423684048892930154316289694559105643225057489245
55 1 121761405538207583420605030721445724211083635295775936364253
55 0 420193832848876477793714378275657079793604069348182328804206360
54 6 2205275921766
54 5 1458188045459226507724416168032
54 4 -7786677430358246702456101758383202446303
54 3 3780179207250111745996076427715826339778630675
54 2 26654312510321326633320429256223879114336287707552622
54 1 38217674440202801276168673309917727030368748520736567555613
54 0 160620026756075009352913617968983908370318888152626502650537928
53 6 -357176417050
53 5 218039981578556565141341490479
53 4 -1990623134078310170519073199499225045776
53 3 1965949754306954198039068855263207409505069341
53 2 5409006720886190112648202458653144265103045037585174
53 1 11566992730694895665054155996069795683984385296027095141228
53 0 59153921783005889084223160638217239520590290924897744321751672
52 6 -585795631790
52 5 29773406250360883946680182205
52 4 -478156550305592603459752033650307589196
52 3 728411177888509714489771108460747084111407693
52 2 1037699767540206957788148401000674583641758115545396
52 1 3374985433436148755373144851043482808359175601798462116864
52 0 21001824284476359987816036540721550856258229497301360753205370
51 6 -334381216793
51 5 3690893099016193557716734903
51 4 -107774568807763019042785159197614147561
51 3 231538733866676798188001459156419704011611589
51 2 191582017000231617402502643864463523842110727899110
51 1 949065290772257775961476075295935972119628919168591673349
51 0 7191514547743107041053951932087002812550765900129270305659280
50 6 -139171794034
50 5 412426889639993872284491775
50 4 -22758767611042419072684602800411169012
50 3 66441657637771412716808297996516797024605983
50 2 35921805559282396956191204609130797149362037138484
50 1 257130793035228300116942176202792418065113342539121939076
50 0 2375891475770552357041944931578279717367725494108100392668956
49 6 -47997024264
49 5 41181263756567306528521783
49 4 -4494437297332422944629913494156353202
49 3 17521787002635387409216289968684564617687822
49 2 7609257223455943245376034154398288900165987049044
49 1 67095039555560478168248539247800841338271524790385397375
49 0 757508937857647851522100120030550538241915383177262392066984
48 6 -14381137267
48 5 3635322245302250413558421
48 4 -828274595662005413082173636415393030
48 3 4268058184037104857601363244119274288584111
48 2 2000093427788587745933567246965486910770950043972
48 1 16855182958844868390865375668464428350397596047705038856
48 0 233119999055251820558435965305341618118367540255680664417626
47 6 -3814655278
47 5 279952993129731062606546
47 4 -142093675123525848393988892498134689
47 3 958386052053595535437237466829570349032584
47 2 628640881452759457780859197223145378983125901503
47 1 4074713597053822064269120438170261993837264802675549558
47 0 69253977347908359352763327813920953649366635087886185778824
46 6 -900240565
46 5 18492533402181435340331
46 4 -22627267727973943356177129026687896
46 3 196796959731042293520227242058358527029993
46 2 210622678736862447513960731106329701378693154353
46 1 947510621838645572874619982151257951169161008241744353
46 0 19860758578426280157777200592926758312135874961409091586900
45 6 -188620880
45 5 1025270825641648545084
45 4 -3333489505382858681505702915927688
45 3 36341046077326009414313727271090272184891
45 2 69531830867792746971511221701873704325054263526
45 1 211833017815882220278499646975323206110096980558507593
45 0 5498154533566853347683407168546970516906789040777710108720
44 6 -34872815
44 5 46379883014687230197
44 4 -452573134527315604719184512426934
44 3 5825932229917863986783683866740304115150
44 2 21922343687078733895146148787156806962030367069
44 1 45513013920482062525475498278232096038762106671678430
44 0 1469146098590121164971345051106649242376662437071176869638
43 6 -5635105
43 5 1654943719716668032
43 4 -56367501032234752529908817035634
43 3 739543897519123136600960331018852822271
43 2 6546363449096374923246473057367025668203539601
43 1 9394139438021453043788470355866276825896714629492301
43 0 378852866463844524896664781607070869069251865087761584312
42 6 -784882
42 5 47104294345447385
42 4 -6406238156027979402892592722424
42 3 48094829600985749731207061187914393395
42 2 1850524408286144015388504852331986535204097925
42 1 1862477296456479258046073209779978272740824041426225
42 0 94262381514881986500977910828259939358873392292317419512
41 6 -92330
41 5 1916942271904042
41 4 -660202468334740735908123464442
41 3 -9991218389713482915894993651248312134
41 2 495869344301152134877901816339845784011303878
41 1 354767861568415243051985497650581435131945685778850
41 0 22622847912863180380658163900615965325551738896154572920
40 6 -8890
40 5 310244873197456
40 4 -61235106940084345067433720158
40 3 -5217774140462694389672347618860230898
40 2 126125138369119437720208337271401505488570745
40 1 64990693820039114173614147736217201351028766799208
40 0 5235398777010952295547990429312249456520932280348423257
39 6 -665
39 5 72408626564827
39 4 -5066142286543062390039520318
39 3 -1459235610482578383590695924324436247
39 2 30475659640600533061920756608169358010283304
39 1 11477183073919108512223077402723659845412565552983
39 0 1167808400538973230186168959283283445040807291893986232
38 6 -35
38 5 15690002953885
38 4 -369821487063444381099441007
38 3 -323509652348903984677668705162936660
38 2 6997310753160311535403974944615379895585354
38 1 1963028563192184533979743969111770689874991471177
38 0 250963518827034974152553312583828426910900172034114408
37 6 -1
37 5 3065393701004
37 4 -23505354998809025379652928
37 3 -61913860486264208120021608853431615
37 2 1526288181365425768334224546218123231565029
37 1 327901808385288394557449763844255016196424173122
37 0 51932037088755058582398986856382702238814897067730952
36 5 536691134800
36 4 -1279426317439916438226966
36 3 -10560533964597282953080123961925621
36 2 316083820028196525164479941978658906484919
36 1 54210258769891506387975033416221885204364686232
36 0 10341498396719753797243566588200398690734023163533270
35 5 83579207402
35 4 -58402395837286866481224
35 3 -1628813713163339089781285038868308
35 2 62090456843694606098084821105292328913005
35 1 9035171584338292468205937411044271135236711025
35 0 1980429088115342517168191815357898053548633796573920
34 5 11462493764
34 4 -2175680123410185476532
34 3 -228730092137782081218739731049268
34 2 11555367297239234654471116682529113334124
34 1 1548778657454508633474957083931981613810572458
34 0 364444402428423640914412929870782701107700819896444
33 5 1365885748
33 4 -63787584227601907845
33 3 -29325837557846702590665600627839
33 2 2034466162717218151840001643100266204607
33 1 276809995948890220687209767933354085225651069
33 0 64391513954104890290870195970098228078744934256136
32 5 138806492
32 4 -1400982276906975059
32 3 -3433498431405567168600882865020
32 2 338290329870585369741591090476070672673
32 1 51568446215839185115874946141571763034525488
32 0 10912827566408996908868474259689441457863590562076
31 5 11712889
31 4 -21675987806120952
31 3 -366456137457103777744072043963
31 2 53021659621050288661834221831173713148
31 1 9870545704778613732169658931524079520268428
31 0 1772127796515314482091295908303925351762304057800
30 5 788183
30 4 -203911217854978
30 3 -35530703407970165259023248592
30 2 7815751517775156730673626682619214912
30 1 1900823286181308508798772095312983823109181
30 0 275413694305457978779310033831944109720622039396
29 5 39578
29 4 15121943196588
29 3 -3113428197561300718312806003
29 2 1080766828244140851166849307925372985
29 1 361116834080788264102421301210032614611807
29 0 40910143114293571284869065537702951164190034016
28 5 1309
28 4 5692982084182
28 3 -244831571767854394696739736
28 2 139787200601164733824427366760241840
28 1 66686260378284806862672364050033114644262
28 0 5799401971097896019252966120588619428472143994
27 5 21
27 4 1348376969378
27 3 -17118593156436294522852425
27 2 16854684500498035280132115631571202
27 1 11851750631486189533529044443141767307853
27 0 783271356471124847566660274205528787104948168
26 4 257062700347
26 3 -1051547656295518281650035
26 2 1887186346451660477420594998579471
26 1 2014035946949721043191275752089090812007
26 0 100598690293721368360669262333200854116966040
25 4 41632329755
25 3 -55873173151394448149951
25 2 195348175238635610722818057649479
25 1 325826968293492756446728905171828531028
25 0 12259811145061076621142583127993852225566776
24 4 5841212312
24 3 -2516461510586928619047
24 2 18597092301958118316470071267460
24 1 50018279215771705411909076135576642108
24 0 1414196066481426096875283507898461212030455
23 4 714081087
23 3 -93532347302623778251
23 2 1618349746994857065190577543469
23 1 7266073600867517186480640069189974629
23 0 153965952151082651504644000563405643784760
22 4 75866694
22 3 -2769152584074860030
22 2 127807964872521912026215884018
22 1 996241976570264842952150184609240929
22 0 15767904194326005604356262109520129584616
21 4 6936279
21 3 -62744953198720902
21 2 9081523402840700718756115410
21 1 128571824918318865829500561655755688
21 0 1512986209775642578316122356377008645240
20 4 535591
20 3 -1138916011331550
20 2 574580471871985998133171001
20 1 15572418933093977473966394536081284
20 0 135374040389825812291286613621477576858
19 4 33824
19 3 -34818640508151
19 2 31958724801930954667415790
19 1 1764211246791135522891499469285529
19 0 11228741249535160590965747086340400624
18 4 1652
18 3 -3327225506767
18 2 1538019387671690735182365
18 1 186243253416121860407138326954388
18 0 857069792628463178148382086941061196
17 4 56
17 3 -377946695648
17 2 62757868754405428089648
17 1 18240854316383602025739321992119
17 0 59622476716595730294161509249786248
16 4 1
16 3 -38773733089
16 2 2114486609998529662009
16 1 1649052097752648190338880236380
16 0 3730770025841292023115732993245490
15 3 -3502072516
15 2 56753059297076009289
15 1 136790708404932076925662253682
15 0 205982277258510373233109648627912
14 3 -273368415
14 2 1152699557839950874
14 1 10338191612536129355594458317
14 0 9727219379095874090901220158804
13 3 -17971710
13 2 16284553158157998
13 1 705877127238453883201100517
13 0 370156210768575090814429968336
12 3 -957589
12 2 121588113211053
12 1 43098877701503269771274974
12 0 9687797107132097222656199790
11 3 -38863
11 2 -2350198006021
11 1 2323766208624914439131477
11 0 46871950270947086224147800
10 3 -1070
10 2 -344470006667
10 1 108911758537404589602797
10 0 -11211684688086270726898632
9 3 -15
9 2 -36444297248
9 1 4348896053508879230526
9 0 -653214800536461253858248
8 2 -3455441135
8 1 144092443579330585204
8 0 -17270851562072754626187
7 2 -290300824
7 1 3822003600471076171
7 0 -22609777593319365000
6 2 -21230917
6 1 77125461601216317
6 0 14213733821286499880
5 2 -1318541
5 1 1096074024390198
5 0 379952592200312424
4 2 -67024
4 1 9646647423404
4 0 -964652115683394
3 2 -2627
3 1 40919759297
3 0 -152923028530496
2 2 -71
2 1 42896354
2 0 8579998908
1 2 -1
1 1 1489
1 0 -160440
0 0 1
# param: 7050301
# height: 231
